Method,Number of Swaps,Node,Eigenvector Centrality,Betweenness Centrality,Closeness Centrality,Methods
,235560,Contig_60400.fasta,0.021843302068559684,9.443451561795427e-05,0.47073826868140495,CM
,235560,Contig_303000.fasta,0.013666302987479567,3.6291366407904664e-05,0.4516542848159426,CM
,235560,Contig_58480.fasta,0.003159003060316541,1.347728533095754e-06,0.36945427482772725,CM
,235560,Contig_547953.fasta,0.02008302500816754,7.945981612481318e-05,0.4674463926766399,CM
,235560,Contig_501261.fasta,0.014170226978001261,3.84264003365716e-05,0.4562787314181536,CM
,235560,Contig_59812.fasta,0.019563901053543907,7.064991399328207e-05,0.4637401774720679,CM
,235560,Contig_137842.fasta,0.026627121687580295,0.00014157843244087172,0.47673340710067913,CM
,235560,Contig_305555.fasta,0.019608034126227147,7.446140513266414e-05,0.46535438992473055,CM
,235560,Contig_1064437.fasta,0.01957997226007129,6.66426305782183e-05,0.4621371250067324,CM
,235560,Contig_302768.fasta,0.004735108405213186,4.011431174601841e-06,0.4058229306759033,CM
,235560,Contig_308773.fasta,0.011012190991372467,2.0425629520554295e-05,0.44542012286465166,CM
,235560,Contig_548846.fasta,0.001187519933579909,0.0,0.31541209239589924,CM
,235560,Contig_367992.fasta,0.004489312364328035,2.710885723685154e-06,0.3980551587148588,CM
,235560,Contig_2515.fasta,0.01946692855331256,7.238198520729724e-05,0.46581765960111154,CM
,235560,Contig_139114.fasta,0.02430021509619642,0.00011500746869605386,0.471925203297344,CM
,235560,Contig_1118110.fasta,0.02095372779376594,8.410997858045972e-05,0.46791383906931655,CM
,235560,Contig_499911.fasta,0.023101435937079112,0.00010774695770020496,0.473357449741342,CM
,235560,Contig_552124.fasta,0.0,0.0,0.0,CM
,235560,Contig_133566.fasta,0.01640869293049919,4.9740327445377645e-05,0.4596403134276194,CM
,235560,Contig_131655.fasta,0.004800415371016794,3.294751545249595e-06,0.40494490616124323,CM
,235560,Contig_550217.fasta,0.007271607382807243,8.285510756312982e-06,0.42634518366224744,CM
,235560,Contig_1065858.fasta,0.020267701765482777,8.271414422318549e-05,0.46932180448276484,CM
,235560,Contig_502682.fasta,0.004695595689185211,3.7252203019698614e-06,0.4028530685056535,CM
,235560,Contig_59781.fasta,0.009091036055976437,1.388308372057853e-05,0.42888527870698123,CM
,235560,Contig_544167.fasta,0.019393650290231178,7.681571832727638e-05,0.46791383906931655,CM
,235560,Contig_500923.fasta,0.004506582740005596,2.732648699167413e-06,0.3995848326808852,CM
,235560,Contig_53423.fasta,0.008740164527671901,1.4566998814101047e-05,0.43935571743597795,CM
,235560,Contig_54970.fasta,0.009025083853244173,1.6426243756777863e-05,0.43526868750634096,CM
,235560,Contig_371293.fasta,0.02548482036427908,0.00012816320630804146,0.4743171201919073,CM
,235560,Contig_368039.fasta,0.011723988949439131,2.6186413635084812e-05,0.4488382149345962,CM
,235560,Contig_139681.fasta,0.008002697972143324,1.06504864176211e-05,0.42888527870698123,CM
,235560,Contig_139250.fasta,0.007081215523367626,8.318197544907243e-06,0.4249898629149106,CM
,235560,Contig_55970.fasta,0.021337787641760836,9.074428615847141e-05,0.46979301111377164,CM
,235560,Contig_370642.fasta,0.007165754094862278,1.0043862337159823e-05,0.4286888127066574,CM
,235560,Contig_424505.fasta,0.015111904245602461,3.844912385285514e-05,0.4534048828191052,CM
,235560,Contig_1064106.fasta,0.008515341464558842,1.3603376728933192e-05,0.4368943408677092,CM
,235560,Contig_53687.fasta,0.0022052288772324022,7.755124099016086e-07,0.3535427571358644,CM
,235560,Contig_988292.fasta,0.010829845764850604,1.7511602180885948e-05,0.44059683528184235,CM
,235560,Contig_2.fasta,0.004816403584144432,2.9730002187162243e-06,0.4028530685056535,CM
,235560,Contig_55746.fasta,0.0032753974370678253,1.3181432243299325e-06,0.37358390344855613,CM
,235560,Contig_370874.fasta,0.016355808403527957,5.264450270072526e-05,0.46077187500671246,CM
,235560,Contig_62202.fasta,0.020787520878884386,8.338389966962581e-05,0.4674463926766399,CM
,235560,Contig_131826.fasta,0.01996317689901514,7.123833040605494e-05,0.4637401774720679,CM
,235560,Contig_60972.fasta,0.018377803991312815,6.167687262530528e-05,0.4616811436303074,CM
,235560,Contig_502426.fasta,0.010614082498561179,1.9681508567599563e-05,0.442681020879202,CM
,235560,Contig_302574.fasta,0.00893462219993268,1.2883316358793744e-05,0.43006786679165127,CM
,235560,Contig_369922.fasta,0.027778124350535224,0.00015560931371851448,0.47770682906515216,CM
,235560,Contig_56774.fasta,0.0023814831915527222,6.238168807321306e-07,0.35745900616448933,CM
,235560,Contig_53586.fasta,0.018724171066278487,6.73569454570726e-05,0.4639700932764666,CM
,235560,Contig_305448.fasta,0.019528547797362794,7.680160335241509e-05,0.4660496405072874,CM
,235560,Contig_423780.fasta,0.021109218602129234,8.176939288605524e-05,0.466746971640216,CM
,235560,Contig_368225.fasta,0.022081780960430945,9.827745926856626e-05,0.47073826868140495,CM
,235560,Contig_498426.fasta,0.024394419155151854,0.00011824515460357894,0.4743171201919073,CM
,235560,Contig_543905.fasta,0.006038257400297053,6.829991921467996e-06,0.42003037618430566,CM
,235560,Contig_799449.fasta,0.015780772659311722,4.973088190538764e-05,0.4609988562259276,CM
,235560,Contig_307703.fasta,0.022176774145186078,0.00010107298916356552,0.4721633088489572,CM
,235560,Contig_135212.fasta,0.024316359729382803,0.00011509219823521813,0.471925203297344,CM
,235560,Contig_542656.fasta,0.018984503728218288,7.075989965565388e-05,0.46581765960111154,CM
,235560,Contig_368570.fasta,0.0072774316800772185,9.643528492731061e-06,0.4277091764801797,CM
,235560,Contig_58171.fasta,0.02030564132364836,7.909511967127926e-05,0.46721301954000655,CM
,235560,Contig_989217.fasta,0.020658389618726677,8.479487422044319e-05,0.4674463926766399,CM
,235560,Contig_24573992.fasta,0.0013508827791821022,0.0,0.3311492137787095,CM
,235560,Contig_422441.fasta,0.000990532281722647,0.0,0.2968996440795156,CM
,235560,Contig_58619.fasta,0.010064704526974905,1.865508304146449e-05,0.4385321828203529,CM
,235560,Contig_55786.fasta,0.022059588954294496,9.53149324663537e-05,0.46955728958285653,CM
,235560,Contig_84.fasta,0.009233196119401706,1.3196858634633553e-05,0.43709840174620884,CM
,235560,Contig_302648.fasta,0.005748125584357517,5.668616449413277e-06,0.41153371949807965,CM
,235560,Contig_56021.fasta,0.004835518311306827,4.446036980153034e-06,0.4081237148445849,CM
,235560,Contig_500040.fasta,0.02406705132386023,0.00011764761508247187,0.4735970031065957,CM
,235560,Contig_1066208.fasta,0.016075529453052906,4.713041623059937e-05,0.45806543227539553,CM
,235560,Contig_56448.fasta,0.006000715231286742,5.920251472407276e-06,0.41481723321747915,CM
,235560,Contig_211575.fasta,0.002360566057700305,6.119325307921671e-07,0.35677761271011554,CM
,235560,Contig_58270.fasta,0.027482454609307636,0.0001542140723784326,0.47770682906515216,CM
,235560,Contig_501846.fasta,0.02314047475417469,0.00010572046542657235,0.47168733777148847,CM
,235560,Contig_542512.fasta,0.012305951139995146,2.7520064010633478e-05,0.44905358835826925,CM
,235560,Contig_134156.fasta,0.017966058447564846,5.9571735721779434e-05,0.46259400797757444,CM
,235560,Contig_24575311.fasta,0.004840977215207922,2.925058791191605e-06,0.4038962788686375,CM
,235560,Contig_56365.fasta,0.024528589295464448,0.00012366160168192817,0.47479841610280726,CM
,235560,Contig_24577067.fasta,0.015576246326620392,4.6231093722079636e-05,0.4594146677165602,CM
,235560,Contig_302549.fasta,0.021081077197774637,8.994565389607728e-05,0.46955728958285653,CM
,235560,Contig_61598.fasta,0.01718458292272448,6.063455315276848e-05,0.4621371250067324,CM
,235560,Contig_57982.fasta,0.020068912425327202,7.924539618490622e-05,0.46721301954000655,CM
,235560,Contig_367952.fasta,0.01730220653402827,5.606879755301253e-05,0.4623654536258069,CM
,235560,Contig_548080.fasta,0.010132076946498257,1.8456351070812345e-05,0.4395620846118521,CM
,235560,Contig_55623.fasta,0.018106739314909758,6.949122189318794e-05,0.46767999906978164,CM
,235560,Contig_56982.fasta,0.02386178239677608,0.00011631470205945846,0.473357449741342,CM
,235560,Contig_1066315.fasta,0.01026274560941837,1.719164037571309e-05,0.43709840174620884,CM
,235560,Contig_369802.fasta,0.02289973208962676,9.927314762721346e-05,0.46908655545796146,CM
,235560,Contig_132276.fasta,0.01930809001860409,7.6469171356293e-05,0.46721301954000655,CM
,235560,Contig_985545.fasta,0.02077648387513472,8.818120851183197e-05,0.46932180448276484,CM
,235560,Contig_56278.fasta,0.0,0.0,0.0,CM
,235560,Contig_61852.fasta,0.019491637366545415,7.479675105019692e-05,0.46558590952170803,CM
,235560,Contig_985500.fasta,0.018613147097554232,7.139108057861871e-05,0.46581765960111154,CM
,235560,Contig_499607.fasta,0.014953483472911084,4.2616042493478097e-05,0.4567240986523344,CM
,235560,Contig_2240.fasta,0.02198403291256192,9.294723053514119e-05,0.46955728958285653,CM
,235560,Contig_370216.fasta,0.01117056397522647,2.1658990846058707e-05,0.4471226364733077,CM
,235560,Contig_309063.fasta,0.02330765343773053,0.00010418652653496548,0.47073826868140495,CM
,235560,Contig_57285.fasta,0.011181937492062172,2.3619639022315415e-05,0.442681020879202,CM
,235560,Contig_3691.fasta,0.008192821151567088,1.2447193648983313e-05,0.43185402775202264,CM
,235560,Contig_59029.fasta,0.02357044465639914,0.00010754385080356978,0.4721633088489572,CM
,235560,Contig_3240.fasta,0.012895137236554135,3.071821961571117e-05,0.4497009505711836,CM
,235560,Contig_56285.fasta,0.022184979043335624,9.796217364313463e-05,0.47097517772452596,CM
,235560,Contig_371253.fasta,0.027762253182641024,0.00015355137881289233,0.4772196216923167,CM
,235560,Contig_1263041.fasta,0.007178466685710978,9.647156990917339e-06,0.4284925266202533,CM
,235560,Contig_138129.fasta,0.02217389432611331,9.73713938348911e-05,0.4712123253467438,CM
,235560,Contig_302755.fasta,0.01084970719273498,2.1166775628578797e-05,0.4428905244385391,CM
,235560,Contig_544576.fasta,0.011663176999666932,2.2841787366334136e-05,0.4449965183731018,CM
,235560,Contig_278.fasta,0.0012511438136435023,0.0,0.3211488257167581,CM
,235560,Contig_131695.fasta,0.021947716466999168,0.00010154065815792648,0.473357449741342,CM
,235560,Contig_548245.fasta,0.0024201165678928264,8.013643923327347e-07,0.3631461692427757,CM
,235560,Contig_1065632.fasta,0.005932181689026617,6.150949599070248e-06,0.4192776335746564,CM
,235560,Contig_55072.fasta,0.020961385443760548,8.138551345720741e-05,0.46721301954000655,CM
,235560,Contig_204149.fasta,0.009738778320383777,1.7062971739335035e-05,0.4395620846118521,CM
,235560,Contig_369610.fasta,0.004954507417074222,3.34796207182618e-06,0.41045073602571625,CM
,235560,Contig_498487.fasta,0.015563552174048836,4.653871350974176e-05,0.45873905791109465,CM
,235560,Contig_201047.fasta,0.008137796819472829,1.1544001722542702e-05,0.43225296911715155,CM
,235560,Contig_136690.fasta,0.01181064236444444,2.772013909766338e-05,0.4497009505711836,CM
,235560,Contig_550313.fasta,0.01998734990606798,7.370282193067197e-05,0.4669798793106951,CM
,235560,Contig_60291.fasta,0.010102744319147483,1.8700968424344233e-05,0.43832678132957054,CM
,235560,Contig_370828.fasta,0.01703507540565711,6.101644051787146e-05,0.46351048941982814,CM
,235560,Contig_139853.fasta,0.002529416469766638,6.435491995483108e-07,0.3677122507420955,CM
,235560,Contig_57005.fasta,0.0050245761938030545,3.973925796695664e-06,0.41335144794109235,CM
,235560,Contig_1062860.fasta,0.006903544390448362,9.094384220700559e-06,0.4215439991615464,CM
,235560,Contig_543959.fasta,0.0,0.0,0.0,CM
,235560,Contig_53626.fasta,0.01743077117485163,6.03102538740071e-05,0.4637401774720679,CM
,235560,Contig_54373.fasta,0.02183165689067274,9.16610367081204e-05,0.4681479130258295,CM
,235560,Contig_549101.fasta,0.0,0.0,0.0,CM
,235560,Contig_371402.fasta,0.02346459484575582,0.00010903041952651953,0.4724016547898198,CM
,235560,Contig_421838.fasta,0.0035880530157076217,2.1485065673161187e-06,0.3887942160941558,CM
,235560,Contig_1128005.fasta,0.0,0.0,0.0,CM
,235560,Contig_368554.fasta,0.020022585019761965,8.594327564550006e-05,0.4700289694317595,CM
,235560,Contig_58584.fasta,0.01874743895463929,7.272174921111406e-05,0.46861676421564,CM
,235560,Contig_368185.fasta,0.01660663553381277,5.522044772310473e-05,0.4609988562259276,CM
,235560,Contig_707918.fasta,0.01644622519429481,5.5595531581468e-05,0.4616811436303074,CM
,235560,Contig_992623.fasta,0.020760738081519736,7.976091130618757e-05,0.46581765960111154,CM
,235560,Contig_1062938.fasta,0.015853829084008706,4.6795576960034106e-05,0.4567240986523344,CM
,235560,Contig_133910.fasta,0.0070941118905181065,8.352425946868973e-06,0.42479694876923885,CM
,235560,Contig_136735.fasta,0.017666617335784535,6.231592046293514e-05,0.46466121059515053,CM
,235560,Contig_133582.fasta,0.028670830905789233,0.00016170032449706537,0.47770682906515216,CM
,235560,Contig_303771.fasta,0.025032854246695702,0.0001283721146557517,0.47528068976060595,CM
,235560,Contig_542493.fasta,0.017393994252338812,5.913834958955297e-05,0.4623654536258069,CM
,235560,Contig_370277.fasta,0.019739411818434277,7.137973607960796e-05,0.4630517952195117,CM
,235560,Contig_422210.fasta,0.017469968102094124,5.629134675222894e-05,0.4616811436303074,CM
,235560,Contig_53810.fasta,0.012916760736402107,3.4922118382457403e-05,0.45296596231298797,CM
,235560,Contig_54994.fasta,0.02899424304652229,0.00016719575204002116,0.47868423434201185,CM
,235560,Contig_54506.fasta,0.017662285746413826,5.647024209964305e-05,0.4621371250067324,CM
,235560,Contig_24570062.fasta,0.0036224366426279996,1.6187161010451574e-06,0.3884714313568423,CM
,235560,Contig_502567.fasta,0.020071009911663152,7.816590675565531e-05,0.46767999906978164,CM
,235560,Contig_985561.fasta,0.01751871850959821,5.4626277717437414e-05,0.46145349020642656,CM
,235560,Contig_54969.fasta,0.0013508827791821022,0.0,0.3311492137787095,CM
,235560,Contig_135393.fasta,0.026869186040170568,0.0001475407109628051,0.47770682906515216,CM
,235560,Contig_132217.fasta,0.016502384840299915,5.459284899034223e-05,0.46282278839695007,CM
,235560,Contig_61833.fasta,0.020561126691210678,7.977898104778926e-05,0.4662818525852681,CM
,235560,Contig_499666.fasta,0.0,0.0,0.0,CM
,235560,Contig_62792.fasta,0.009123607188972272,1.645467385290415e-05,0.43567396561388877,CM
,235560,Contig_1065841.fasta,0.027761646412209372,0.0001512915325959553,0.4772196216923167,CM
,235560,Contig_134869.fasta,0.008017519079363938,1.1541781912959024e-05,0.42790474537660406,CM
,235560,Contig_555468.fasta,0.008044522526641116,9.701705782370814e-06,0.4269286852822231,CM
,235560,Contig_367976.fasta,0.0,0.0,0.0,CM
,235560,Contig_55642.fasta,0.0031549419457642816,9.793492041082608e-07,0.36843609375536734,CM
,235560,Contig_58349.fasta,0.010339593299357169,2.0212621946101583e-05,0.4420536977508895,CM
,235560,Contig_136319.fasta,0.017364503295478007,6.158099012249514e-05,0.46466121059515053,CM
,235560,Contig_131609.fasta,0.020083990503442065,8.157820712353527e-05,0.4688515421536238,CM
,235560,Contig_420267.fasta,0.0199252999218505,7.267393870490261e-05,0.4662818525852681,CM
,235560,Contig_368748.fasta,0.021083028881539012,8.954042109110125e-05,0.46955728958285653,CM
,235560,Contig_1065496.fasta,0.024288865782982318,0.00011083354139757669,0.47073826868140495,CM
,235560,Contig_2120.fasta,0.00807397915237787,9.999313890372579e-06,0.4284925266202533,CM
,235560,Contig_368399.fasta,0.01655920602363794,5.185514392477729e-05,0.4609988562259276,CM
,235560,Contig_367933.fasta,0.008420332442898255,1.4045593554164085e-05,0.4368943408677092,CM
,235560,Contig_24566365.fasta,0.0012597468136210702,0.0,0.3222547101028351,CM
,235560,Contig_985209.fasta,0.011977588215959985,3.130674145527532e-05,0.45384465477140307,CM
,235560,Contig_371176.fasta,0.0232150826792095,0.00010338235021581846,0.4714497119086313,CM
,235560,Contig_138521.fasta,0.0035786976433448514,1.8381711461550021e-06,0.3876668095023335,CM
,235560,Contig_54607.fasta,0.024152949473107747,0.00011286424606241061,0.47287906929693435,CM
,235560,Contig_1063557.fasta,0.011203505814732504,2.1781184529528566e-05,0.441428150065393,CM
,235560,Contig_137319.fasta,0.016628550897555883,5.224581368905133e-05,0.4591892434438828,CM
,235560,Contig_53407.fasta,0.008927290570866836,1.3386745310595559e-05,0.4344603891080005,CM
,235560,Contig_1062202.fasta,0.017686746201605725,6.0875767662658114e-05,0.4637401774720679,CM
,235560,Contig_422644.fasta,0.022155903103147565,9.614113647620208e-05,0.47073826868140495,CM
,235560,Contig_991144.fasta,0.02588247116995631,0.00013368207793586489,0.4755221941761347,CM
,235560,Contig_500942.fasta,0.01774580808783477,6.18668010934328e-05,0.46466121059515053,CM
,235560,Contig_553943.fasta,0.007106326040815714,8.862124007460648e-06,0.4271235409122013,CM
,235560,Contig_137361.fasta,0.022950404568746436,0.00010714713513335195,0.4721633088489572,CM
,235560,Contig_551233.fasta,0.0008595087130889243,0.0,0.2857489093553078,CM
,235560,Contig_54682.fasta,0.0,0.0,0.0,CM
,235560,Contig_53743.fasta,0.01330604472351874,3.271491229623127e-05,0.453185316289895,CM
,235560,Contig_138130.fasta,0.008310693830470256,1.2589321632483026e-05,0.4310583501329494,CM
,235560,Contig_59389.fasta,0.0034295195048339435,1.5457593919913744e-06,0.3821264508528514,CM
,235560,Contig_1194793.fasta,0.015219434996905125,4.652119157135518e-05,0.4616811436303074,CM
,235560,Contig_62383.fasta,0.02641278086199881,0.00013488347949313975,0.4743171201919073,CM
,235560,Contig_58030.fasta,0.01769511579754365,6.353604484309768e-05,0.464200237171941,CM
,235560,Contig_930757.fasta,0.011934181113176392,3.11852750489684e-05,0.45296596231298797,CM
,235560,Contig_368431.fasta,0.025691304418220574,0.0001309966323768722,0.4745576461149255,CM
,235560,Contig_990245.fasta,0.026485983145754056,0.00013637081262059074,0.4755221941761347,CM
,235560,Contig_985135.fasta,0.01766130010934735,6.0679824004284754e-05,0.4632810287815015,CM
,235560,Contig_368201.fasta,0.0012319898638812647,0.0,0.31830873406075955,CM
,235560,Contig_136281.fasta,0.021760636359040138,9.47933260575697e-05,0.46838222129060714,CM
,235560,Contig_547390.fasta,0.017805894897700205,6.241576541883684e-05,0.4621371250067324,CM
,235560,Contig_369244.fasta,0.012318544018235894,2.855647643770042e-05,0.44648267086766846,CM
,235560,Contig_4654.fasta,0.019330671130248608,6.886842661899032e-05,0.46351048941982814,CM
,235560,Contig_57750.fasta,0.00893120312835805,1.4053743382747975e-05,0.43305306716271774,CM
,235560,Contig_370786.fasta,0.003294076187183715,1.6559608967873835e-06,0.37553277613909836,CM
,235560,Contig_552788.fasta,0.0037154121744281962,1.9136157979004814e-06,0.3918876374114879,CM
,235560,Contig_372448.fasta,0.02331504152973651,0.00010245825840512969,0.47097517772452596,CM
,235560,Contig_499703.fasta,0.00950476324973355,1.6894419787836082e-05,0.44059683528184235,CM
,235560,Contig_62226.fasta,0.025206937254752884,0.00012545916009421004,0.4735970031065957,CM
,235560,Contig_368906.fasta,0.009634351553568756,1.7123650417734135e-05,0.44122002741095384,CM
,235560,Contig_543263.fasta,0.02060553231857818,8.152175322589952e-05,0.466746971640216,CM
,235560,Contig_551403.fasta,0.0,0.0,0.0,CM
,235560,Contig_423759.fasta,0.002483283732504548,6.180446263848937e-07,0.36272390625528417,CM
,235560,Contig_310330.fasta,0.0197261981656565,7.41843012120564e-05,0.4662818525852681,CM
,235560,Contig_61150.fasta,0.022092943921615368,9.252968637260407e-05,0.46932180448276484,CM
,235560,Contig_500731.fasta,0.02237514745822283,9.701367039333195e-05,0.470501597857533,CM
,235560,Contig_710339.fasta,0.024353036262754438,0.0001116809075795267,0.4714497119086313,CM
,235560,Contig_137986.fasta,0.0037860898643150643,2.15025962863372e-06,0.3941986849783627,CM
,235560,Contig_56080.fasta,0.018495049746371332,6.813692644937433e-05,0.464200237171941,CM
,235560,Contig_549184.fasta,0.017149746843263834,5.6582410565262744e-05,0.4623654536258069,CM
,235560,Contig_54762.fasta,0.0023643908172037106,4.765058144978356e-07,0.3575955973017322,CM
,235560,Contig_25.fasta,0.0196014830708186,7.402018677157692e-05,0.4665142961807742,CM
,235560,Contig_1197505.fasta,0.01448074253219396,4.151441495857196e-05,0.4591892434438828,CM
,235560,Contig_57080.fasta,0.009612524093641614,1.678140150431395e-05,0.4420536977508895,CM
,235560,Contig_370487.fasta,0.017140809566876004,5.9439102437013744e-05,0.46351048941982814,CM
,235560,Contig_24576382.fasta,0.025220962638047833,0.00012496104560376454,0.47383679905753573,CM
,235560,Contig_1067254.fasta,0.0023735484036559932,2.967566649351766e-07,0.3550180873060065,CM
,235560,Contig_131537.fasta,0.012849852510694969,3.2581840501736785e-05,0.45362466220971065,CM
,235560,Contig_370248.fasta,0.015023293235371682,4.13618005268685e-05,0.4542852806498219,CM
,235560,Contig_555756.fasta,0.020668444861086172,8.037292563051535e-05,0.46581765960111154,CM
,235560,Contig_928928.fasta,0.022571889117887364,0.00010246662821283136,0.4724016547898198,CM
,235560,Contig_307640.fasta,0.022585783762883498,9.978137006284964e-05,0.47097517772452596,CM
,235560,Contig_554387.fasta,0.0009741553002813603,0.0,0.29400806727572515,CM
,235560,Contig_621002.fasta,0.013098340207282889,3.5228397878113556e-05,0.45605637336190696,CM
,235560,Contig_1271583.fasta,0.023531106827506598,0.00011015211689846272,0.47287906929693435,CM
,235560,Contig_54680.fasta,0.014947347817941973,4.281466700707923e-05,0.4571703361693371,CM
,235560,Contig_53390.fasta,0.02315645977079951,0.00010543983532575519,0.47168733777148847,CM
,235560,Contig_56162.fasta,0.021112359261210245,8.72830420637035e-05,0.46932180448276484,CM
,235560,Contig_2576.fasta,0.007111584876908794,6.84854259794341e-06,0.42441164541434606,CM
,235560,Contig_795410.fasta,0.014140132389504427,4.2024151670955874e-05,0.4571703361693371,CM
,235560,Contig_552102.fasta,0.0024386637472234114,8.875383302098989e-07,0.365700538545773,CM
,235560,Contig_542414.fasta,0.007034346062838873,8.034840567480801e-06,0.42441164541434606,CM
,235560,Contig_58376.fasta,0.01597430000431203,5.135548117080105e-05,0.45873905791109465,CM
,235560,Contig_1062568.fasta,0.01960815575929353,7.902818608935958e-05,0.4688515421536238,CM
,235560,Contig_991597.fasta,0.008652596592849232,1.3584556011960749e-05,0.43709840174620884,CM
,235560,Contig_542451.fasta,0.017964864992642764,6.40147768072709e-05,0.46535438992473055,CM
,235560,Contig_369777.fasta,0.0020921053474018416,3.4965872717523646e-07,0.34481491456839836,CM
,235560,Contig_543886.fasta,0.022327231727913677,0.00010474242105004404,0.4731181385938489,CM
,235560,Contig_371149.fasta,0.024494235085359795,0.00012062441208571344,0.4750394305272249,CM
,235560,Contig_987903.fasta,0.02188935658574875,9.446569933420953e-05,0.46932180448276484,CM
,235560,Contig_135856.fasta,0.015774815384328972,4.8308239720152256e-05,0.46122606118217496,CM
,235560,Contig_985989.fasta,0.024398255772532833,0.00011866377666023891,0.4745576461149255,CM
,235560,Contig_1993.fasta,0.005148881406237892,4.269126727303941e-06,0.41262243304172536,CM
,235560,Contig_1061935.fasta,0.0079687455361606,1.1410665296808463e-05,0.4281004932015705,CM
,235560,Contig_24577161.fasta,0.02690213769912044,0.00014351749207066318,0.47624818225884635,CM
,235560,Contig_308454.fasta,0.025497649235169284,0.0001270769853833124,0.4745576461149255,CM
,235560,Contig_1066423.fasta,0.02193614710720415,9.1117251782694e-05,0.46932180448276484,CM
,235560,Contig_498288.fasta,0.019856520616691006,7.459451133748392e-05,0.46535438992473055,CM
,235560,Contig_544629.fasta,0.0020622684974250117,3.855014750267649e-07,0.34104507220795666,CM
,235560,Contig_131958.fasta,0.0,0.0,0.0,CM
,235560,Contig_60849.fasta,0.025271455730980535,0.00012204968379664405,0.47287906929693435,CM
,235560,Contig_57263.fasta,0.01691736777615509,5.6673604169231135e-05,0.4637401774720679,CM
,235560,Contig_54725.fasta,0.022589630253917407,0.00010074985504742964,0.471925203297344,CM
,235560,Contig_62.fasta,0.0012325966343129174,0.0,0.31939511199270754,CM
,235560,Contig_27.fasta,0.00855784125223209,1.3421388292134212e-05,0.4389435638548935,CM
,235560,Contig_57082.fasta,0.015347054374694986,4.306323496590743e-05,0.45694710846612946,CM
,235560,Contig_499069.fasta,0.01768736668177517,5.9960995514279974e-05,0.46282278839695007,CM
,235560,Contig_24566202.fasta,0.010986667667445073,2.1816276018017306e-05,0.4484080872729435,CM
,235560,Contig_58991.fasta,0.014350183803469531,4.1069220877789606e-05,0.4582897542304766,CM
,235560,Contig_55008.fasta,0.01849768621253129,6.469875203240149e-05,0.4644306094980809,CM
,235560,Contig_420468.fasta,0.02021838869207256,7.829000147964574e-05,0.46721301954000655,CM
,235560,Contig_550444.fasta,0.02438787051248355,0.00011242058777765372,0.4721633088489572,CM
,235560,Contig_554267.fasta,0.01921970977599483,6.978313368433181e-05,0.464200237171941,CM
,235560,Contig_498701.fasta,0.009947986674335734,2.0321360412145794e-05,0.4385321828203529,CM
,235560,Contig_985894.fasta,0.01523778992571425,4.311718709984741e-05,0.4585142960012901,CM
,235560,Contig_54008.fasta,0.020827164550778515,8.80992801403713e-05,0.4700289694317595,CM
,235560,Contig_544318.fasta,0.001187519933579909,0.0,0.31541209239589924,CM
,235560,Contig_705467.fasta,0.0,0.0,0.0,CM
,235560,Contig_54461.fasta,0.014266187341342973,3.426696845198496e-05,0.4518723699365684,CM
,235560,Contig_370355.fasta,0.021047428588234062,7.914739318749606e-05,0.46581765960111154,CM
,235560,Contig_993069.fasta,0.0232178797840002,0.00010556319733485838,0.4712123253467438,CM
,235560,Contig_994211.fasta,0.029921974719432736,0.00017852046537109517,0.4794199170792178,CM
,235560,Contig_60682.fasta,0.011028430501112395,2.0684868135925496e-05,0.4441517219452459,CM
,235560,Contig_131793.fasta,0.012992457696541268,3.433175378626823e-05,0.4523091726141291,CM
,235560,Contig_136283.fasta,0.02314688078858592,0.00010764780666475345,0.47168733777148847,CM
,235560,Contig_1062059.fasta,0.018572298811686812,6.490408459585921e-05,0.4630517952195117,CM
,235560,Contig_499445.fasta,0.006027835965155581,5.742940506536592e-06,0.41740752816174537,CM
,235560,Contig_1062488.fasta,0.01517952532269068,3.860328723209557e-05,0.4527468205798902,CM
,235560,Contig_307035.fasta,0.016424161292900797,4.899075915402472e-05,0.45986618090350523,CM
,235560,Contig_137283.fasta,0.002483283732504548,6.180446263848937e-07,0.36272390625528417,CM
,235560,Contig_137617.fasta,0.024178524222212595,0.00011316230902825165,0.471925203297344,CM
,235560,Contig_794674.fasta,0.0,0.0,0.0,CM
,235560,Contig_135234.fasta,0.020766273729097787,8.995558992624958e-05,0.47026516489378545,CM
,235560,Contig_369513.fasta,0.005864880419652974,4.863448355120505e-06,0.41481723321747915,CM
,235560,Contig_498784.fasta,0.01639292383953565,4.7409478664498364e-05,0.45694710846612946,CM
,235560,Contig_542670.fasta,0.001187519933579909,0.0,0.31541209239589924,CM
,235560,Contig_62635.fasta,0.023219270871062354,0.00010778171493593442,0.47287906929693435,CM
,235560,Contig_136944.fasta,0.015069608155537713,4.2191740481747286e-05,0.4573937820814434,CM
,235560,Contig_501322.fasta,0.001187519933579909,0.0,0.31541209239589924,CM
,235560,Contig_55419.fasta,0.018623640959272766,6.247247797325883e-05,0.4619090217860973,CM
,235560,Contig_55334.fasta,0.016053730671983013,5.1225655353084244e-05,0.45873905791109465,CM
,235560,Contig_139851.fasta,0.023358720635788623,0.00010834040070189756,0.4721633088489572,CM
,235560,Contig_5146.fasta,0.007049001028606746,8.817841653201086e-06,0.42615103740374916,CM
,235560,Contig_139057.fasta,0.025703201698616795,0.0001320152789040919,0.4750394305272249,CM
,235560,Contig_133009.fasta,0.0012511438136435023,0.0,0.3211488257167581,CM
,235560,Contig_371892.fasta,0.01057479023598019,1.9833008649771733e-05,0.4449965183731018,CM
,235560,Contig_53661.fasta,0.013869941942748704,3.3171026158062476e-05,0.4510012906692208,CM
,235560,Contig_135135.fasta,0.0026477026146358227,7.055691863861582e-07,0.3734348276690475,CM
,235560,Contig_707468.fasta,0.0025414425162782876,5.890768565238855e-07,0.3709186199518958,CM
,235560,Contig_623155.fasta,0.02222059153699083,9.710634346080774e-05,0.47097517772452596,CM
,235560,Contig_426668.fasta,0.01875853664266678,7.128468951822076e-05,0.46581765960111154,CM
,235560,Contig_987025.fasta,0.011425218917048407,2.1640988463429858e-05,0.4420536977508895,CM
,235560,Contig_499011.fasta,0.01664311143563285,5.897478898362035e-05,0.4632810287815015,CM
,235560,Contig_501860.fasta,0.01743880963604713,6.349723137625816e-05,0.46512310046651745,CM
,235560,Contig_993478.fasta,0.024087347369996563,0.00011184116935370859,0.47168733777148847,CM
,235560,Contig_57792.fasta,0.020632932082831425,8.18912121948216e-05,0.4669798793106951,CM
,235560,Contig_55876.fasta,0.013782037041327416,3.6386348600392564e-05,0.4512187454863226,CM
,235560,Contig_420410.fasta,0.0022356499149744358,5.213396721890909e-07,0.35049725772982515,CM
,235560,Contig_548202.fasta,0.009050104984423022,1.3790386350899618e-05,0.433454227947491,CM
,235560,Contig_54035.fasta,0.01508466618752992,4.546640161130631e-05,0.4594146677165602,CM
,235560,Contig_56306.fasta,0.007276997784780206,8.305849982968249e-06,0.42576327485834076,CM
,235560,Contig_138787.fasta,0.024728600510717666,0.000122540325004886,0.4745576461149255,CM
,235560,Contig_367974.fasta,0.00464145680510866,2.6006280741064967e-06,0.40026846798059584,CM
,235560,Contig_370972.fasta,0.011979192759096436,2.6120001325621373e-05,0.4488382149345962,CM
,235560,Contig_550249.fasta,0.02536572129155755,0.00012428791015078167,0.4735970031065957,CM
,235560,Contig_2122.fasta,0.0047328470808109145,4.373828691171218e-06,0.40741300746131176,CM
,235560,Contig_1211.fasta,0.010473009517498067,2.0040845940323455e-05,0.44163646915461685,CM
,235560,Contig_990613.fasta,0.016485918694047644,5.002187927741969e-05,0.46054511719420915,CM
,235560,Contig_59466.fasta,0.024762770752600152,0.0001234029918185402,0.4745576461149255,CM
,235560,Contig_53438.fasta,0.022267073975682262,9.802953334376906e-05,0.470501597857533,CM
,235560,Contig_61874.fasta,0.020211728863953084,7.841627271431062e-05,0.46721301954000655,CM
,235560,Contig_24570409.fasta,0.015295254828466812,4.6427016295201226e-05,0.4591892434438828,CM
,235560,Contig_134391.fasta,0.020781541635789727,8.53891256643262e-05,0.46932180448276484,CM
,235560,Contig_368022.fasta,0.012822472312010844,2.969005317127154e-05,0.4523091726141291,CM
,235560,Contig_550148.fasta,0.009414160139529735,1.5317405531943356e-05,0.4377117297187245,CM
,235560,Contig_498565.fasta,0.005944185813644737,5.184115278048772e-06,0.4172214347474958,CM
,235560,Contig_132580.fasta,0.007219052962449005,9.138496588460975e-06,0.4259570678828553,CM
,235560,Contig_987514.fasta,0.01313301646785142,3.0242764321106805e-05,0.45143641010064306,CM
,235560,Contig_132151.fasta,0.005834599476787101,6.110593461686827e-06,0.41740752816174537,CM
,235560,Contig_544515.fasta,0.0,0.0,0.0,CM
,235560,Contig_988369.fasta,0.015577837012598388,4.692851462368005e-05,0.46009227047130435,CM
,235560,Contig_993621.fasta,0.020932791948940693,8.80702899423862e-05,0.4700289694317595,CM
,235560,Contig_139909.fasta,0.012278370885634946,2.854295590098858e-05,0.4462697559077888,CM
,235560,Contig_134896.fasta,0.02160404363001128,8.697233383887139e-05,0.466746971640216,CM
,235560,Contig_1065651.fasta,0.021840818526027077,9.468234530412103e-05,0.4700289694317595,CM
,235560,Contig_55852.fasta,0.020500012022778253,8.655479717770838e-05,0.46861676421564,CM
,235560,Contig_370760.fasta,0.016233276396267735,5.1877558703879715e-05,0.4582897542304766,CM
,235560,Contig_704052.fasta,0.011472827565218667,2.6287538826921078e-05,0.44648267086766846,CM
,235560,Contig_1062304.fasta,0.0055737067306994795,5.632887723659017e-06,0.41153371949807965,CM
,235560,Contig_368958.fasta,0.012637653487108208,2.9519926272567707e-05,0.449484955878306,CM
,235560,Contig_1065614.fasta,0.019741450826810582,7.447619803727292e-05,0.46558590952170803,CM
,235560,Contig_58988.fasta,0.01775227601920378,5.750169270278376e-05,0.46054511719420915,CM
,235560,Contig_53501.fasta,0.010640936703561352,2.123944860601019e-05,0.4449965183731018,CM
,235560,Contig_53993.fasta,0.00725952961165124,1.0193381660835784e-05,0.4312569945339323,CM
,235560,Contig_423707.fasta,0.011024445237705236,2.06244915571931e-05,0.44457371883070457,CM
,235560,Contig_421471.fasta,0.011776516228510744,2.7586159693051717e-05,0.44669578908765306,CM
,235560,Contig_61908.fasta,0.013615198158621273,3.2297857902680834e-05,0.45013356331824583,CM
,235560,Contig_369636.fasta,0.010606085178251012,1.838068674728623e-05,0.4422626078159892,CM
,235560,Contig_132893.fasta,0.022520606283470263,0.00010356914752954211,0.4721633088489572,CM
,235560,Contig_54779.fasta,0.013816561361791957,3.8348676045811745e-05,0.45561230678609205,CM
,235560,Contig_132095.fasta,0.01846898278283636,6.747171204857012e-05,0.46512310046651745,CM
,235560,Contig_499035.fasta,0.018008878682513052,6.40745819044346e-05,0.46535438992473055,CM
,235560,Contig_542555.fasta,0.0022476362689618865,3.604623286264165e-07,0.3482797462369308,CM
,235560,Contig_134585.fasta,0.0036563383743651633,2.2388208734556617e-06,0.3900907370315269,CM
,235560,Contig_501844.fasta,0.015286869057563763,4.1890811195992764e-05,0.4567240986523344,CM
,235560,Contig_139875.fasta,0.023951705160242795,0.00011638254051732716,0.4735970031065957,CM
,235560,Contig_139036.fasta,0.0011592729752886643,0.0,0.3116309284510933,CM
,235560,Contig_703292.fasta,0.013624240322314456,3.511354700485109e-05,0.453185316289895,CM
,235560,Contig_993718.fasta,0.023506097654709186,0.0001072818784191984,0.47168733777148847,CM
,235560,Contig_550719.fasta,0.014661214876091342,3.949816431136809e-05,0.45362466220971065,CM
,235560,Contig_53600.fasta,0.02087528273512087,8.384564415666999e-05,0.46767999906978164,CM
,235560,Contig_54784.fasta,0.011125355847730632,2.4513882967414032e-05,0.4449965183731018,CM
,235560,Contig_137925.fasta,0.009547342626687267,1.7648665026490776e-05,0.44038949559465085,CM
,235560,Contig_498371.fasta,0.0,0.0,0.0,CM
,235560,Contig_369572.fasta,0.022360730714820143,9.867100534103253e-05,0.47026516489378545,CM
,235560,Contig_709936.fasta,0.018561046151562108,6.825588220045391e-05,0.46466121059515053,CM
,235560,Contig_370309.fasta,0.014003489876803043,3.7669067877964013e-05,0.45450591458894274,CM
,235560,Contig_555617.fasta,0.0,0.0,0.0,CM
,235560,Contig_985297.fasta,0.018223792064247395,6.847546854219259e-05,0.46351048941982814,CM
,235560,Contig_369793.fasta,0.020131161860621288,8.306076682358691e-05,0.4688515421536238,CM
,235560,Contig_502640.fasta,0.018583985395428708,6.581331826381025e-05,0.4637401774720679,CM
,235560,Contig_58743.fasta,0.025455556211565266,0.00012991168709924723,0.4750394305272249,CM
,235560,Contig_134420.fasta,0.013855650728626344,4.010050353955168e-05,0.45494782602753187,CM
,235560,Contig_131697.fasta,0.013385557593288633,3.275742962106284e-05,0.4534048828191052,CM
,235560,Contig_986689.fasta,0.019356577437492896,7.42939488262525e-05,0.4660496405072874,CM
,235560,Contig_306288.fasta,0.02430664150475693,0.00011481640918120452,0.4731181385938489,CM
,235560,Contig_53836.fasta,0.009551413342485417,1.5968053004910946e-05,0.44018235095890546,CM
,235560,Contig_544688.fasta,0.013228108234031206,3.269330244757997e-05,0.45450591458894274,CM
,235560,Contig_56656.fasta,0.02155837034018674,9.473679201988972e-05,0.4712123253467438,CM
,235560,Contig_54598.fasta,0.024188717492229457,0.0001130926058919209,0.4724016547898198,CM
,235560,Contig_546991.fasta,0.002438987223111296,6.585616413321818e-07,0.3621624141403379,CM
,235560,Contig_134764.fasta,0.021916976121666657,9.633992805635847e-05,0.47026516489378545,CM
,235560,Contig_542365.fasta,0.002368556051156085,5.696282237529626e-07,0.3606272362769299,CM
,235560,Contig_139193.fasta,0.0,0.0,0.0,CM
,235560,Contig_207429.fasta,0.011966277443506234,2.3511742355892645e-05,0.4469091108589461,CM
,235560,Contig_139542.fasta,0.006657350339654862,5.59972887552374e-06,0.4150011876446266,CM
,235560,Contig_1122224.fasta,0.0,0.0,0.0,CM
,235560,Contig_656.fasta,0.0011592729752886643,0.0,0.3116309284510933,CM
,235560,Contig_53374.fasta,0.021796408434140227,9.007973704957029e-05,0.4681479130258295,CM
,235560,Contig_56557.fasta,0.022747875906958488,0.00010170925447298393,0.471925203297344,CM
,235560,Contig_308360.fasta,0.025391337268224116,0.0001337581738723837,0.47624818225884635,CM
,235560,Contig_1064061.fasta,0.008317565589212058,1.0491201620038341e-05,0.43066160981989554,CM
,235560,Contig_53464.fasta,0.02339495312223646,0.00010299742475800964,0.47097517772452596,CM
,235560,Contig_56696.fasta,0.01987209168952801,7.475843405783375e-05,0.46721301954000655,CM
,235560,Contig_1061954.fasta,0.019617455099473696,7.358692627088341e-05,0.46581765960111154,CM
,235560,Contig_2616.fasta,0.0,0.0,0.0,CM
,235560,Contig_499913.fasta,0.02435755034953319,0.0001229729976999332,0.4745576461149255,CM
,235560,Contig_60703.fasta,0.019186019697608754,6.97948725576564e-05,0.4660496405072874,CM
,235560,Contig_542430.fasta,0.021906718515847894,9.478515433012917e-05,0.46955728958285653,CM
,235560,Contig_131612.fasta,0.01152323105742154,2.587845475016248e-05,0.4469091108589461,CM
,235560,Contig_133564.fasta,0.021183608325823174,8.970272739034567e-05,0.470501597857533,CM
,235560,Contig_550250.fasta,0.0,0.0,0.0,CM
,235560,Contig_131657.fasta,0.012402849636912195,2.624619916646564e-05,0.44331012701972194,CM
,235560,Contig_500964.fasta,0.023410514484108125,0.00010464708887119043,0.47026516489378545,CM
,235560,Contig_933392.fasta,0.01001598142678793,1.9810472898943046e-05,0.4460570439173656,CM
,235560,Contig_54659.fasta,0.00809010979123484,1.1941264729338848e-05,0.43026559914419915,CM
,235560,Contig_61746.fasta,0.0069603899490707334,8.259683267824481e-06,0.42268639482323084,CM
,235560,Contig_53765.fasta,0.009645116907360134,1.8876522684638847e-05,0.4437305254332068,CM
,235560,Contig_138153.fasta,0.020956840312286774,8.412731470867514e-05,0.4681479130258295,CM
,235560,Contig_56940.fasta,0.018793484917749403,6.634804503159199e-05,0.4632810287815015,CM
,235560,Contig_54275.fasta,0.020165078029181573,8.480526010998205e-05,0.4688515421536238,CM
,235560,Contig_542488.fasta,0.0,0.0,0.0,CM
,235560,Contig_367990.fasta,0.01577153000879883,4.959716574662809e-05,0.4619090217860973,CM
,235560,Contig_555859.fasta,0.012755937037233388,2.963854414325821e-05,0.4505670092145561,CM
,235560,Contig_993581.fasta,0.00927523338187735,1.5827006295100383e-05,0.43730265333580987,CM
,235560,Contig_547586.fasta,0.004827161556775598,3.2076640331110626e-06,0.4052956596529377,CM
,235560,Contig_428255.fasta,0.0012968198354537204,0.0,0.3243770114865279,CM
,235560,Contig_131556.fasta,0.015832432506704956,4.511009042361956e-05,0.4571703361693371,CM
,235560,Contig_303047.fasta,0.007182539205256211,9.755834437147067e-06,0.43026559914419915,CM
,235560,Contig_368885.fasta,0.012254782011649562,2.792270428114966e-05,0.4499171529512659,CM
,235560,Contig_59053.fasta,0.012297287667469015,2.825549322391083e-05,0.4507840453461624,CM
,235560,Contig_551912.fasta,0.00856227276818416,1.225900961820126e-05,0.4348641627038258,CM
,235560,Contig_554772.fasta,0.011723785432020246,2.4428612942751233e-05,0.44648267086766846,CM
,235560,Contig_544264.fasta,0.0010823318277995721,0.0,0.3047306018035275,CM
,235560,Contig_934117.fasta,0.01556089980532662,4.9936520862331765e-05,0.46145349020642656,CM
,235560,Contig_545454.fasta,0.014500407387661797,3.593572025773679e-05,0.4551691041530317,CM
,235560,Contig_368262.fasta,0.0036658112412945917,2.3187197974961945e-06,0.394531061609879,CM
,235560,Contig_61277.fasta,0.007101713637706368,8.094543038413477e-06,0.42287739635726757,CM
,235560,Contig_302677.fasta,0.008104396794488707,9.5890986012646e-06,0.43026559914419915,CM
,235560,Contig_554901.fasta,0.0025479636490972225,6.638457651603952e-07,0.36843609375536734,CM
,235560,Contig_305322.fasta,0.006447953655642685,6.404206534551928e-06,0.41647871746267606,CM
,235560,Contig_544883.fasta,0.0,0.0,0.0,CM
,235560,Contig_135194.fasta,0.018820363149950985,7.127476085488354e-05,0.46791383906931655,CM
,235560,Contig_56818.fasta,0.01123624952871409,2.308692796156731e-05,0.44733636622305595,CM
,235560,Contig_498461.fasta,0.016475528992191447,4.9193290117524786e-05,0.46077187500671246,CM
,235560,Contig_543101.fasta,0.002568592695586441,4.3395347606412246e-07,0.37047809902558715,CM
,235560,Contig_421823.fasta,0.009107313918364158,1.4691401922558429e-05,0.43285276509650006,CM
,235560,Contig_135268.fasta,0.01179134271678747,2.92078001509337e-05,0.4518723699365684,CM
,235560,Contig_1064205.fasta,0.0232919018638854,0.00010919446960186973,0.4724016547898198,CM
,235560,Contig_54445.fasta,0.015001359660395376,4.4072549050598675e-05,0.4585142960012901,CM
,235560,Contig_549637.fasta,0.0,0.0,0.0,CM
,235560,Contig_55400.fasta,0.01165227944659247,2.6773603869094742e-05,0.4484080872729435,CM
,235560,Contig_625718.fasta,0.02371818243461634,0.00010726677123558444,0.47073826868140495,CM
,235560,Contig_801021.fasta,0.0,0.0,0.0,CM
,235560,Contig_1062339.fasta,0.0024352070851329627,5.548937275573251e-07,0.3616026577042632,CM
,235560,Contig_306355.fasta,0.009522743935142504,1.3457783249840611e-05,0.4362832998315306,CM
,235560,Contig_428764.fasta,0.018343400931289378,6.181284261867757e-05,0.46145349020642656,CM
,235560,Contig_369126.fasta,0.0035546412925218976,1.8804966064019076e-06,0.384955852792527,CM
,235560,Contig_302533.fasta,0.017507688242316275,5.8932241408769105e-05,0.4619090217860973,CM
,235560,Contig_1315.fasta,0.010475431665950219,2.380736675506629e-05,0.44648267086766846,CM
,235560,Contig_992309.fasta,0.009792880310421042,1.6834739501504132e-05,0.4420536977508895,CM
,235560,Contig_425542.fasta,0.018675580254380753,6.699670155219503e-05,0.46512310046651745,CM
,235560,Contig_498295.fasta,0.019135334592733932,7.414601777352961e-05,0.46558590952170803,CM
,235560,Contig_54108.fasta,0.007253583826228421,9.066493122700039e-06,0.4292787514397399,CM
,235560,Contig_796850.fasta,0.023421975734335267,0.00011238553524686648,0.4726402414841581,CM
,235560,Contig_58097.fasta,0.01575422794853833,5.0806293781864254e-05,0.4630517952195117,CM
,235560,Contig_984994.fasta,0.003543356529042205,1.7591478256924342e-06,0.38734589326930174,CM
,235560,Contig_932851.fasta,0.02236048453160494,9.686196028386358e-05,0.46979301111377164,CM
,235560,Contig_60483.fasta,0.014540803568907046,3.753643707857893e-05,0.45694710846612946,CM
,235560,Contig_542409.fasta,0.0047727654305584006,3.462226278403e-06,0.40688159919071004,CM
,235560,Contig_628830.fasta,0.017514382040926372,6.061576964532715e-05,0.46259400797757444,CM
,235560,Contig_993268.fasta,0.012712748430271183,3.2414690254228515e-05,0.4512187454863226,CM
,235560,Contig_53370.fasta,0.00483431014234677,3.408611384953419e-06,0.4061752075254484,CM
,235560,Contig_4880.fasta,0.012511529231178032,3.03826658238668e-05,0.4488382149345962,CM
,235560,Contig_368303.fasta,0.02415869640698744,0.00011547781589775702,0.4726402414841581,CM
,235560,Contig_133134.fasta,0.004910559389999223,2.8164395813069492e-06,0.40670477102939295,CM
,235560,Contig_1973.fasta,0.007189406873691568,9.386740210011252e-06,0.4284925266202533,CM
,235560,Contig_371210.fasta,0.016093812958406083,4.961113743696684e-05,0.4578413298134213,CM
,235560,Contig_1062001.fasta,0.020004774137609024,8.106865064291299e-05,0.46838222129060714,CM
,235560,Contig_1064554.fasta,0.011990277567292694,2.5578389942321178e-05,0.4469091108589461,CM
,235560,Contig_498458.fasta,0.006052488087579749,5.657448609297234e-06,0.41610834955030374,CM
,235560,Contig_56821.fasta,0.011590032874452406,2.923795226851276e-05,0.45035018197239324,CM
,235560,Contig_53604.fasta,0.006895600763407378,8.971091992371717e-06,0.4255696580894193,CM
,235560,Contig_201321.fasta,0.014948401286146022,4.692638707403759e-05,0.4596403134276194,CM
,235560,Contig_136127.fasta,0.021094636419400455,9.030149372285051e-05,0.47026516489378545,CM
,235560,Contig_1268205.fasta,0.006138163671812233,6.324648225602126e-06,0.4211645716195468,CM
,235560,Contig_56363.fasta,0.013965865772852441,3.6288884100077445e-05,0.45252789078270456,CM
,235560,Contig_138376.fasta,0.015360049470225963,4.588067942025119e-05,0.45873905791109465,CM
,235560,Contig_54813.fasta,0.018007524190505383,6.40199110070034e-05,0.46351048941982814,CM
,235560,Contig_56326.fasta,0.00434255631388751,2.7487943679608986e-06,0.3968734852157053,CM
,235560,Contig_213640.fasta,0.022912176180354887,0.00010094191004939025,0.47097517772452596,CM
,235560,Contig_59276.fasta,0.004994332932489121,5.137992312418963e-06,0.41610834955030374,CM
,235560,Contig_622130.fasta,0.0077862206014095905,9.83122954563089e-06,0.42479694876923885,CM
,235560,Contig_550374.fasta,0.002213178979308283,3.9063203047801357e-07,0.3498421226686479,CM
,235560,Contig_542514.fasta,0.013104792527777867,3.270778347185964e-05,0.4518723699365684,CM
,235560,Contig_1270443.fasta,0.0,0.0,0.0,CM
,235560,Contig_859.fasta,0.010836554942892622,2.4178248524874004e-05,0.4488382149345962,CM
,235560,Contig_133315.fasta,0.020006896023048115,7.615803205630475e-05,0.46721301954000655,CM
,235560,Contig_1258190.fasta,0.019774865323100965,7.349572191406854e-05,0.46558590952170803,CM
,235560,Contig_62690.fasta,0.021102414041781817,8.543003556071984e-05,0.4688515421536238,CM
,235560,Contig_137536.fasta,0.016586602387728137,4.9585305695779746e-05,0.45873905791109465,CM
,235560,Contig_302537.fasta,0.009478085056632389,1.661297807871831e-05,0.44018235095890546,CM
,235560,Contig_61137.fasta,0.019605678132116392,7.94346396462261e-05,0.46721301954000655,CM
,235560,Contig_53538.fasta,0.010160034170834135,1.920888953948617e-05,0.4399754010994984,CM
,235560,Contig_42.fasta,0.0,0.0,0.0,CM
,235560,Contig_421320.fasta,0.0024966892914331643,5.173983380436204e-07,0.36627306385073705,CM
,235560,Contig_53681.fasta,0.006064853195160536,6.343367757157059e-06,0.42173396941804103,CM
,235560,Contig_542529.fasta,0.0011592729752886643,0.0,0.3116309284510933,CM
,235560,Contig_4.fasta,0.010681042267618526,2.0704609113629927e-05,0.44478501812672677,CM
,235560,Contig_703687.fasta,0.014500764170698852,3.9801726534105956e-05,0.4562787314181536,CM
,235560,Contig_501838.fasta,0.01969635543747935,7.73177339433716e-05,0.466746971640216,CM
,235560,Contig_304363.fasta,0.007059740166807618,8.25287443216838e-06,0.4242192557292081,CM
,235560,Contig_1124279.fasta,0.016921868624585175,5.6021266767555865e-05,0.46122606118217496,CM
,235560,Contig_371458.fasta,0.024691941924814345,0.00012292977733048972,0.4745576461149255,CM
,235560,Contig_371089.fasta,0.023939550746815245,0.00011180640621143692,0.4712123253467438,CM
,235560,Contig_502049.fasta,0.0,0.0,0.0,CM
,235560,Contig_54896.fasta,0.0067280131692731724,8.757246826634045e-06,0.4242192557292081,CM
,235560,Contig_308594.fasta,0.02198502478030213,9.284103085257824e-05,0.46955728958285653,CM
,235560,Contig_421862.fasta,0.0,0.0,0.0,CM
,235560,Contig_704447.fasta,0.006136769676695606,6.8325044769687685e-06,0.4211645716195468,CM
,235560,Contig_542628.fasta,0.010885038128980432,2.1918780078993208e-05,0.4456322276850634,CM
,235560,Contig_1062711.fasta,0.012513475972655091,3.240893640578339e-05,0.45143641010064306,CM
,235560,Contig_56142.fasta,0.006375140835575669,6.582158597762875e-06,0.42479694876923885,CM
,235560,Contig_930489.fasta,0.0024201165678928264,8.013643923327347e-07,0.3631461692427757,CM
,235560,Contig_139157.fasta,0.018730603535086186,6.549718633893166e-05,0.4637401774720679,CM
,235560,Contig_499578.fasta,0.0012511438136435023,0.0,0.3211488257167581,CM
,235560,Contig_991222.fasta,0.00833845078021006,1.252944282108243e-05,0.4338561326558336,CM
,235560,Contig_55519.fasta,0.0,0.0,0.0,CM
,235560,Contig_371268.fasta,0.021089294755822562,9.133604071964124e-05,0.470501597857533,CM
,235560,Contig_502154.fasta,0.02325467444305059,0.00011258315717506596,0.47383679905753573,CM
,235560,Contig_61443.fasta,0.009222311518615163,1.475106919276166e-05,0.4379165550484947,CM
,235560,Contig_546955.fasta,0.007395744464882314,9.93983776408481e-06,0.43026559914419915,CM
,235560,Contig_137801.fasta,0.01588171612837122,5.1520225957083185e-05,0.4603185824587472,CM
,235560,Contig_53460.fasta,0.015179857232045242,4.087886421103382e-05,0.45406486081447506,CM
,235560,Contig_213008.fasta,0.02570786724493864,0.00013463322082178658,0.47649067115001686,CM
,235560,Contig_421555.fasta,0.011920019274495305,2.9792367370511394e-05,0.45143641010064306,CM
,235560,Contig_549796.fasta,0.0012511438136435023,0.0,0.3211488257167581,CM
,235560,Contig_368839.fasta,0.02550552055996161,0.00012933025768978155,0.47479841610280726,CM
,235560,Contig_55135.fasta,0.021916617761459162,9.441077508422621e-05,0.46955728958285653,CM
,235560,Contig_62471.fasta,0.02042995845190513,7.95354280257712e-05,0.46767999906978164,CM
,235560,Contig_55618.fasta,0.017111262001323697,5.1293058761001265e-05,0.45806543227539553,CM
,235560,Contig_210082.fasta,0.014894282040923214,4.6357913849716816e-05,0.45806543227539553,CM
,235560,Contig_24578817.fasta,0.0,0.0,0.0,CM
,235560,Contig_54618.fasta,0.00928647834236267,1.4938307487714303e-05,0.4358768878149199,CM
,235560,Contig_988525.fasta,0.02464029364250141,0.00011793106416744084,0.4743171201919073,CM
,235560,Contig_987358.fasta,0.012430038619904498,3.011784991607645e-05,0.4484080872729435,CM
,235560,Contig_420491.fasta,0.0,0.0,0.0,CM
,235560,Contig_306388.fasta,0.0,0.0,0.0,CM
,235560,Contig_133758.fasta,0.013584480209943801,3.4179545814435796e-05,0.4510012906692208,CM
,235560,Contig_1258149.fasta,0.018574173157874525,6.660422948272933e-05,0.46512310046651745,CM
,235560,Contig_303939.fasta,0.01639098251103896,5.9061512685089514e-05,0.4637401774720679,CM
,235560,Contig_139743.fasta,0.021350506878436648,8.689721610610311e-05,0.46932180448276484,CM
,235560,Contig_499329.fasta,0.01622508500500281,5.4736691715747776e-05,0.4591892434438828,CM
,235560,Contig_55465.fasta,0.0023767316011983944,5.864700190082037e-07,0.35882963118812616,CM
,235560,Contig_545474.fasta,0.0009741553002813603,0.0,0.29400806727572515,CM
,235560,Contig_60212.fasta,0.01707767562632404,5.409285858718968e-05,0.4596403134276194,CM
,235560,Contig_306074.fasta,0.024265141299545046,0.00012076603461365396,0.4750394305272249,CM
,235560,Contig_502705.fasta,0.007222509868308093,1.1058294786253111e-05,0.4338561326558336,CM
,235560,Contig_302612.fasta,0.013966780313744659,3.9193150808317605e-05,0.4562787314181536,CM
,235560,Contig_56457.fasta,0.022228499180256545,9.544898177887089e-05,0.46955728958285653,CM
,235560,Contig_554999.fasta,0.0011533180871748634,0.0,0.3104935892961623,CM
,235560,Contig_56086.fasta,0.008177425891357842,9.865867445251423e-06,0.43026559914419915,CM
,235560,Contig_543199.fasta,0.0025101557544707663,6.805788467505195e-07,0.3675678233066116,CM
,235560,Contig_23.fasta,0.009152707817689997,1.7669849695420672e-05,0.4379165550484947,CM
,235560,Contig_1064124.fasta,0.019677176729972854,7.264943607222719e-05,0.46581765960111154,CM
,235560,Contig_133459.fasta,0.008347352956387872,1.0877409355456082e-05,0.4320534063428592,CM
,235560,Contig_370813.fasta,0.018188860417455377,5.866649016279236e-05,0.4623654536258069,CM
,235560,Contig_803076.fasta,0.0012281651043778588,0.0,0.31841703917612557,CM
,235560,Contig_304497.fasta,0.0022245515083641684,4.0403421913236214e-07,0.35274318814121114,CM
,235560,Contig_55498.fasta,0.012185810786121503,2.927331044066652e-05,0.4534048828191052,CM
,235560,Contig_60113.fasta,0.021022761234359703,8.851849657707827e-05,0.46861676421564,CM
,235560,Contig_305805.fasta,0.0010298849394125636,0.0,0.299656637252204,CM
,235560,Contig_302556.fasta,0.01249809709133762,2.5763870099524342e-05,0.4462697559077888,CM
,235560,Contig_61915.fasta,0.008998472005317611,1.4346649228666886e-05,0.43669047043333326,CM
,235560,Contig_134054.fasta,0.020016491337821327,8.756359719696097e-05,0.47026516489378545,CM
,235560,Contig_368736.fasta,0.025698030988146454,0.00012772535875675214,0.47383679905753573,CM
,235560,Contig_552143.fasta,0.02474038822312579,0.00012054308595482982,0.4745576461149255,CM
,235560,Contig_131677.fasta,0.014712153404498803,3.9616230671645645e-05,0.45406486081447506,CM
,235560,Contig_500107.fasta,0.017760309969998906,6.194174688897423e-05,0.4644306094980809,CM
,235560,Contig_369773.fasta,0.02221850584068796,9.290763637269652e-05,0.46955728958285653,CM
,235560,Contig_553945.fasta,0.005891921793405794,6.62371546473877e-06,0.4190898692962978,CM
,235560,Contig_135011.fasta,0.009221464694867532,1.403950375213108e-05,0.4340573646283085,CM
,235560,Contig_1064039.fasta,0.0010823318277995721,0.0,0.3047306018035275,CM
,235560,Contig_987907.fasta,0.006769429276258163,6.349334072710064e-06,0.41815356485193617,CM
,235560,Contig_53369.fasta,0.003313400211183022,1.4300749739043725e-06,0.38041775534090777,CM
,235560,Contig_61766.fasta,0.010721683919220208,2.2884305155167777e-05,0.4452082198566285,CM
,235560,Contig_53444.fasta,0.01417081994598086,3.978281095524113e-05,0.45694710846612946,CM
,235560,Contig_988014.fasta,0.0,0.0,0.0,CM
,235560,Contig_53893.fasta,0.020192797480791374,7.897976364090553e-05,0.46721301954000655,CM
,235560,Contig_811026.fasta,0.0065401307284439335,7.95986787191019e-06,0.41890227311487604,CM
,235560,Contig_548326.fasta,0.016475523232424783,4.8027778220800674e-05,0.4578413298134213,CM
,235560,Contig_166.fasta,0.0,0.0,0.0,CM
,235560,Contig_368472.fasta,0.018521563565416628,6.67453183779055e-05,0.46489204080408997,CM
,235560,Contig_131533.fasta,0.00968573391757507,1.7174186212364093e-05,0.4435202266059872,CM
,235560,Contig_713578.fasta,0.008479766048874918,1.2933900475034962e-05,0.4368943408677092,CM
,235560,Contig_62754.fasta,0.018448220901018015,6.416783395378279e-05,0.46466121059515053,CM
,235560,Contig_499271.fasta,0.01953130476065066,7.943891378897894e-05,0.46767999906978164,CM
,235560,Contig_547132.fasta,0.019592863006096882,7.028572703155151e-05,0.46282278839695007,CM
,235560,Contig_542385.fasta,0.008377067687464535,1.0836153186405273e-05,0.43066160981989554,CM
,235560,Contig_1061989.fasta,0.007787549806740403,1.1761809655066983e-05,0.4269286852822231,CM
,235560,Contig_137023.fasta,0.0035773799051175095,1.5625260018108922e-06,0.3851142708389437,CM
,235560,Contig_626516.fasta,0.024288584557710775,0.00011503120669735048,0.4721633088489572,CM
,235560,Contig_990243.fasta,0.005925276280057797,6.251741787901081e-06,0.4192776335746564,CM
,235560,Contig_59036.fasta,0.0012281651043778588,0.0,0.31841703917612557,CM
,235560,Contig_1064338.fasta,0.0,0.0,0.0,CM
,235560,Contig_426325.fasta,0.003624137630824781,1.5156562709906388e-06,0.38895580970018,CM
,235560,Contig_1063105.fasta,0.00581153556812225,6.142578954707137e-06,0.4146334417982424,CM
,235560,Contig_132168.fasta,0.0012511438136435023,0.0,0.3211488257167581,CM
,235560,Contig_372283.fasta,0.017357023607751935,5.767978198088295e-05,0.4621371250067324,CM
,235560,Contig_134478.fasta,0.0024963658155452797,6.472557121374714e-07,0.3667036356342606,CM
,235560,Contig_370234.fasta,0.022321971588865102,9.757481967303561e-05,0.47073826868140495,CM
,235560,Contig_801164.fasta,0.016815371797363934,5.2163420166952976e-05,0.46054511719420915,CM
,235560,Contig_53484.fasta,0.012166031682076148,2.812977319421748e-05,0.44648267086766846,CM
,235560,Contig_549737.fasta,0.0,0.0,0.0,CM
,235560,Contig_206708.fasta,0.018383820269220957,7.109645135332192e-05,0.46512310046651745,CM
,235560,Contig_54992.fasta,0.021220520079197232,8.800800640935006e-05,0.46932180448276484,CM
,235560,Contig_1580.fasta,0.015236812007330345,4.812183623775762e-05,0.4591892434438828,CM
,235560,Contig_138626.fasta,0.020205677821357772,8.127190475309501e-05,0.46838222129060714,CM
,235560,Contig_302732.fasta,0.008268109220151096,1.3241166395386921e-05,0.4362832998315306,CM
,235560,Contig_544511.fasta,0.0011533180871748634,0.0,0.3104935892961623,CM
,235560,Contig_987555.fasta,0.021850335883705344,9.261999160714167e-05,0.46861676421564,CM
,235560,Contig_132953.fasta,0.015965129919526363,5.243600456050051e-05,0.4621371250067324,CM
,235560,Contig_544554.fasta,0.0,0.0,0.0,CM
,235560,Contig_133584.fasta,0.017372756324134684,5.6832624451892756e-05,0.4596403134276194,CM
,235560,Contig_57532.fasta,0.012511939046790928,3.103280349989946e-05,0.4523091726141291,CM
,235560,Contig_420261.fasta,0.002447327219749542,7.931001905924349e-07,0.36441887777984155,CM
,235560,Contig_371170.fasta,0.013733430415153153,3.712220404506184e-05,0.45362466220971065,CM
,235560,Contig_135069.fasta,0.0012325966343129174,0.0,0.31939511199270754,CM
,235560,Contig_369063.fasta,0.010793011563123098,2.1998494587476377e-05,0.44457371883070457,CM
,235560,Contig_371618.fasta,0.02012076009859688,7.715459501735146e-05,0.46767999906978164,CM
,235560,Contig_555306.fasta,0.006972475107128483,7.1568703258502405e-06,0.4202189843460409,CM
,235560,Contig_550560.fasta,0.014958230384115092,4.325831305380333e-05,0.4562787314181536,CM
,235560,Contig_60835.fasta,0.002322880029345867,7.084844212135296e-07,0.3582801217988641,CM
,235560,Contig_542345.fasta,0.0037690008502244935,1.8178948286367827e-06,0.39303976402294544,CM
,235560,Contig_61646.fasta,0.025749065795160786,0.00013377136806328065,0.4755221941761347,CM
,235560,Contig_498856.fasta,0.01277614932225688,3.308592712306554e-05,0.45296596231298797,CM
,235560,Contig_501062.fasta,0.02178104644664678,9.222475617776337e-05,0.46955728958285653,CM
,235560,Contig_368282.fasta,0.010435531753504295,2.0964839062747184e-05,0.44059683528184235,CM
,235560,Contig_428054.fasta,0.018593957485373257,6.191822008911353e-05,0.4609988562259276,CM
,235560,Contig_994290.fasta,0.008169686913617984,1.3312259009081055e-05,0.43506633107328363,CM
,235560,Contig_499481.fasta,0.01863825176098347,6.440493370958188e-05,0.4639700932764666,CM
,235560,Contig_542530.fasta,0.0,0.0,0.0,CM
,235560,Contig_371705.fasta,0.007382951443972695,8.095786927410973e-06,0.4269286852822231,CM
,235560,Contig_53599.fasta,0.020950763249814208,8.582003312346255e-05,0.46861676421564,CM
,235560,Contig_985013.fasta,0.019964461308562713,7.354266427852545e-05,0.46512310046651745,CM
,235560,Contig_992481.fasta,0.004563966936790337,3.543873346068218e-06,0.39992635817890304,CM
,235560,Contig_135275.fasta,0.025279327375265535,0.00012563634370731306,0.4745576461149255,CM
,235560,Contig_931634.fasta,0.018732401690747923,6.812493893241439e-05,0.46466121059515053,CM
,235560,Contig_61990.fasta,0.02219519410310689,9.974210627369215e-05,0.4714497119086313,CM
,235560,Contig_134230.fasta,0.007913083271734794,1.1021150238140442e-05,0.4269286852822231,CM
,235560,Contig_303596.fasta,0.004572424251895779,3.365211957603082e-06,0.4011263086749392,CM
,235560,Contig_212565.fasta,0.022410544732325562,0.00010119794336478947,0.4724016547898198,CM
,235560,Contig_1128046.fasta,0.01954731224874655,7.387454376459207e-05,0.4644306094980809,CM
,235560,Contig_139855.fasta,0.028947819419151373,0.0001672926578979563,0.478439508250835,CM
,235560,Contig_989235.fasta,0.017610222761706127,6.342300270293578e-05,0.464200237171941,CM
,235560,Contig_499439.fasta,0.010390192000322115,2.1849968090244908e-05,0.44457371883070457,CM
,235560,Contig_1062866.fasta,0.02227283529662289,9.375138354153016e-05,0.46908655545796146,CM
,235560,Contig_4593.fasta,0.007087293761325494,1.0722118361530458e-05,0.43026559914419915,CM
,235560,Contig_61074.fasta,0.02551461691367914,0.00013207306924868116,0.47528068976060595,CM
,235560,Contig_990281.fasta,0.026379280835948662,0.00013513552769116899,0.4750394305272249,CM
,235560,Contig_499662.fasta,0.019610187644499122,7.19487015888885e-05,0.46581765960111154,CM
,235560,Contig_62796.fasta,0.023104568573429213,0.00010298754914239961,0.47073826868140495,CM
,235560,Contig_368867.fasta,0.0234085654323889,0.00011041761486166615,0.4731181385938489,CM
,235560,Contig_368024.fasta,0.01424753101403337,4.0074584759498306e-05,0.45694710846612946,CM
,235560,Contig_1065845.fasta,0.0011878434094677941,0.0,0.31403613360356813,CM
,235560,Contig_131648.fasta,0.021741566432595238,9.054046569772596e-05,0.46932180448276484,CM
,235560,Contig_1067335.fasta,0.023346520214315606,0.00010496950239069859,0.47073826868140495,CM
,235560,Contig_367937.fasta,0.011214508452372578,1.963392256575335e-05,0.43914954394116995,CM
,235560,Contig_201958.fasta,0.018541338595754103,6.578750806268818e-05,0.4644306094980809,CM
,235560,Contig_546698.fasta,0.0011324009533224457,0.0,0.30773682280126047,CM
,235560,Contig_308342.fasta,0.015398164790605176,4.288483713171605e-05,0.4573937820814434,CM
,235560,Contig_138109.fasta,0.023045964696170148,9.878461972607614e-05,0.46979301111377164,CM
,235560,Contig_545981.fasta,0.022604046348909505,0.00010512756428427344,0.471925203297344,CM
,235560,Contig_930043.fasta,0.004856734265137698,3.5296911705680836e-06,0.409552594371393,CM
,235560,Contig_53486.fasta,0.0,0.0,0.0,CM
,235560,Contig_24565782.fasta,0.014224449513867865,3.7766408812843486e-05,0.45384465477140307,CM
,235560,Contig_59009.fasta,0.014431523891864239,3.9453281145839644e-05,0.4573937820814434,CM
,235560,Contig_53814.fasta,0.013858124792597636,3.861330673005731e-05,0.45450591458894274,CM
,235560,Contig_1116.fasta,0.013066003896577803,3.446052032722439e-05,0.453185316289895,CM
,235560,Contig_139857.fasta,0.00326534521261438,1.3548385204063405e-06,0.37180281213294913,CM
,235560,Contig_420383.fasta,0.010465656699961867,2.1504954478499936e-05,0.44648267086766846,CM
,235560,Contig_555118.fasta,0.02786184209319984,0.00015518550320165882,0.4779508059952161,CM
,235560,Contig_1066641.fasta,0.023175168426753958,9.721684054131919e-05,0.4688515421536238,CM
,235560,Contig_137669.fasta,0.010436599659689284,1.910941123765274e-05,0.442681020879202,CM
,235560,Contig_302668.fasta,0.024186623213921385,0.00011170029738968817,0.4726402414841581,CM
,235560,Contig_305455.fasta,0.020079515560541408,7.936381170151036e-05,0.4681479130258295,CM
,235560,Contig_61545.fasta,0.010912825268565442,2.607056769692046e-05,0.45143641010064306,CM
,235560,Contig_498353.fasta,0.011770423903300055,2.3398669173019844e-05,0.4469091108589461,CM
,235560,Contig_988988.fasta,0.0012325966343129174,0.0,0.31939511199270754,CM
,235560,Contig_985054.fasta,0.022285962107786227,9.513864581650175e-05,0.47026516489378545,CM
,235560,Contig_420879.fasta,0.008506828652846625,1.3439563598864685e-05,0.43567396561388877,CM
,235560,Contig_1258176.fasta,0.017957865769380323,6.083371403444112e-05,0.46282278839695007,CM
,235560,Contig_499353.fasta,0.024391871455612134,0.000119834954174127,0.4743171201919073,CM
,235560,Contig_468.fasta,0.0,0.0,0.0,CM
,235560,Contig_993483.fasta,0.023746764176028994,0.00011179895040161292,0.47287906929693435,CM
,235560,Contig_988975.fasta,0.02063479476795156,8.529257981434006e-05,0.46932180448276484,CM
,235560,Contig_988930.fasta,0.018123183542084958,6.062701076897937e-05,0.464200237171941,CM
,235560,Contig_1198429.fasta,0.0011533180871748634,0.0,0.3104935892961623,CM
,235560,Contig_933290.fasta,0.022989005486825018,0.00010236193105704997,0.46979301111377164,CM
,235560,Contig_499052.fasta,0.018569759573281,7.094729802612229e-05,0.46512310046651745,CM
,235560,Contig_305495.fasta,0.022121857188520794,9.770480156899442e-05,0.47026516489378545,CM
,235560,Contig_985400.fasta,0.022982598158701895,0.00010816421925304812,0.4726402414841581,CM
,235560,Contig_985094.fasta,0.01751380227952299,5.65611918529914e-05,0.46054511719420915,CM
,235560,Contig_500018.fasta,0.010602476844807819,2.0015794289020685e-05,0.4439410237849303,CM
,235560,Contig_54766.fasta,0.012869278979278951,3.102502140661889e-05,0.4499171529512659,CM
,235560,Contig_1263528.fasta,0.006036828246043354,5.3616237921798085e-06,0.41610834955030374,CM
,235560,Contig_59228.fasta,0.0,0.0,0.0,CM
,235560,Contig_1065920.fasta,0.014098642027322654,4.054239515833782e-05,0.4585142960012901,CM
,235560,Contig_555509.fasta,0.005400796319828806,4.300649532621061e-06,0.40424521733850244,CM
,235560,Contig_139091.fasta,0.026730962866722732,0.0001440621293351412,0.47649067115001686,CM
,235560,Contig_706082.fasta,0.013913806308240798,3.336181897633373e-05,0.4527468205798902,CM
,235560,Contig_368629.fasta,0.017994569335133676,6.467066793906272e-05,0.46558590952170803,CM
,235560,Contig_625052.fasta,0.026812186911000093,0.0001470760468229615,0.4772196216923167,CM
,235560,Contig_368691.fasta,0.011748248422039198,2.411009403528812e-05,0.44733636622305595,CM
,235560,Contig_551706.fasta,0.002258050043790423,5.061722044513867e-07,0.35155059283945644,CM
,235560,Contig_61210.fasta,0.0012281651043778588,0.0,0.31841703917612557,CM
,235560,Contig_369691.fasta,0.021958118628587417,9.017413140238743e-05,0.46838222129060714,CM
,235560,Contig_498443.fasta,0.0010823318277995721,0.0,0.3047306018035275,CM
,235560,Contig_59641.fasta,0.022398652767112233,8.9998754951734e-05,0.4660496405072874,CM
,235560,Contig_370353.fasta,0.0199957855596809,8.193850754615712e-05,0.46861676421564,CM
,235560,Contig_24566591.fasta,0.010291959321463484,2.0454395837819477e-05,0.4428905244385391,CM
,235560,Contig_55467.fasta,0.0035880530157076217,2.1485065673161187e-06,0.3887942160941558,CM
,235560,Contig_543838.fasta,0.0,0.0,0.0,CM
,235560,Contig_988352.fasta,0.02053451870327607,8.357056037514824e-05,0.4669798793106951,CM
,235560,Contig_56962.fasta,0.017561410905180402,5.859688028803939e-05,0.4621371250067324,CM
,235560,Contig_549823.fasta,0.010715037108312985,2.17199625324116e-05,0.4452082198566285,CM
,235560,Contig_546289.fasta,0.022230663495929538,9.932350767584156e-05,0.4714497119086313,CM
,235560,Contig_5823.fasta,0.013686548093890227,3.4487812682932604e-05,0.45013356331824583,CM
,235560,Contig_304689.fasta,0.02085023919263895,8.28046106524886e-05,0.46791383906931655,CM
,235560,Contig_1062142.fasta,0.012534021426944377,2.8377884384916262e-05,0.4488382149345962,CM
,235560,Contig_62387.fasta,0.021433339573517812,8.963277275856253e-05,0.4688515421536238,CM
,235560,Contig_133647.fasta,0.02094886599790564,7.688650513835471e-05,0.46489204080408997,CM
,235560,Contig_550173.fasta,0.022706218540956596,9.767997360574335e-05,0.46861676421564,CM
,235560,Contig_542713.fasta,0.008389389425808193,1.1174084232456081e-05,0.4340573646283085,CM
,235560,Contig_131574.fasta,0.007278083378056274,9.413935855755339e-06,0.4290819248686993,CM
,235560,Contig_542387.fasta,0.004876548008525708,3.839291053222984e-06,0.4070585811825285,CM
,235560,Contig_306603.fasta,0.022812494654183165,0.00010258805834479013,0.47073826868140495,CM
,235560,Contig_137862.fasta,0.026871309811477194,0.00014581362312005486,0.4774631010911394,CM
,235560,Contig_553205.fasta,0.0057878683732976895,5.807034563431995e-06,0.41335144794109235,CM
,235560,Contig_53446.fasta,0.01968052284677537,7.258432678218301e-05,0.464200237171941,CM
,235560,Contig_61498.fasta,0.01987427292494189,7.839421817041227e-05,0.46791383906931655,CM
,235560,Contig_54950.fasta,0.016723506830474893,5.737840326425354e-05,0.4630517952195117,CM
,235560,Contig_55915.fasta,0.0025387261886498963,8.28157134126943e-07,0.37077166328788946,CM
,235560,Contig_55113.fasta,0.01751608777766515,6.332064629016595e-05,0.4632810287815015,CM
,235560,Contig_24574211.fasta,0.021810416785045222,9.657462294143669e-05,0.470501597857533,CM
,235560,Contig_55950.fasta,0.019842254704336443,7.53021157008249e-05,0.4669798793106951,CM
,235560,Contig_792106.fasta,0.013985974738181278,4.2648595998693786e-05,0.4582897542304766,CM
,235560,Contig_24569564.fasta,0.015464007948558815,4.4634635415691255e-05,0.45806543227539553,CM
,235560,Contig_499137.fasta,0.003223259340129124,1.207796133586533e-06,0.37674222147287967,CM
,235560,Contig_1065878.fasta,0.0072410330632254214,8.099497822620009e-06,0.42634518366224744,CM
,235560,Contig_500105.fasta,0.010637193492026301,2.1284548195984404e-05,0.44331012701972194,CM
,235560,Contig_990105.fasta,0.007873989686474193,1.2651516363771728e-05,0.4320534063428592,CM
,235560,Contig_213746.fasta,0.0,0.0,0.0,CM
,235560,Contig_308147.fasta,0.002463994323514918,6.93222226571851e-07,0.36641647538709204,CM
,235560,Contig_1064246.fasta,0.0,0.0,0.0,CM
,235560,Contig_500378.fasta,0.012070117330584301,2.689459266114011e-05,0.45013356331824583,CM
,235560,Contig_372001.fasta,0.020970871117620127,8.672081780313189e-05,0.46861676421564,CM
,235560,Contig_368549.fasta,0.00950107436033613,1.5221325013204582e-05,0.43832678132957054,CM
,235560,Contig_542593.fasta,0.020079758936024237,7.732201834636627e-05,0.466746971640216,CM
,235560,Contig_499422.fasta,0.01905615720943061,6.38817184711092e-05,0.46259400797757444,CM
,235560,Contig_134994.fasta,0.0023145287791062137,5.948092525352027e-07,0.35745900616448933,CM
,235560,Contig_62593.fasta,0.025655849465732856,0.00013266091526612528,0.4755221941761347,CM
,235560,Contig_1062838.fasta,0.0,0.0,0.0,CM
,235560,Contig_306052.fasta,0.0,0.0,0.0,CM
,235560,Contig_500079.fasta,0.013049602496996856,3.588913845706694e-05,0.45605637336190696,CM
,235560,Contig_1065904.fasta,0.021296053137176203,8.687584043731615e-05,0.46721301954000655,CM
,235560,Contig_552078.fasta,0.003775231289666001,2.773420949186851e-06,0.39721038970230604,CM
,235560,Contig_1065941.fasta,0.022831532827776595,0.0001052708804738332,0.47287906929693435,CM
,235560,Contig_55393.fasta,0.022025259887954982,9.142650116054885e-05,0.46838222129060714,CM
,235560,Contig_423779.fasta,0.0,0.0,0.0,CM
,235560,Contig_135642.fasta,0.02316993669967575,0.00010774023637466613,0.47097517772452596,CM
,235560,Contig_302535.fasta,0.010631299194952546,1.9908323289028255e-05,0.4428905244385391,CM
,235560,Contig_61135.fasta,0.009382768976375402,1.574435435388322e-05,0.4395620846118521,CM
,235560,Contig_134037.fasta,0.016594310485898066,5.3790236678375125e-05,0.46145349020642656,CM
,235560,Contig_131651.fasta,0.017200808463243792,6.567035862151212e-05,0.46535438992473055,CM
,235560,Contig_369755.fasta,0.026581592847842738,0.00013761055771796006,0.4745576461149255,CM
,235560,Contig_985251.fasta,0.005961383530261713,5.461841600856863e-06,0.41536958639087135,CM
,235560,Contig_305281.fasta,0.020891459741246673,8.109412941071358e-05,0.46767999906978164,CM
,235560,Contig_1264101.fasta,0.003633295217277064,1.1580175482004545e-06,0.3860675239845846,CM
,235560,Contig_53427.fasta,0.01723205249961068,5.657407339152528e-05,0.4616811436303074,CM
,235560,Contig_1063267.fasta,0.021155060693681955,8.918683166785673e-05,0.46932180448276484,CM
,235560,Contig_555358.fasta,0.006007089254358941,6.613451668653239e-06,0.41890227311487604,CM
,235560,Contig_368078.fasta,0.01692271322379961,5.240162970273685e-05,0.4594146677165602,CM
,235560,Contig_798280.fasta,0.014307115649961706,4.042208892000136e-05,0.4591892434438828,CM
,235560,Contig_57241.fasta,0.00869930071863461,1.4507495221818765e-05,0.43935571743597795,CM
,235560,Contig_550914.fasta,0.0011878434094677941,0.0,0.31403613360356813,CM
,235560,Contig_202130.fasta,0.0026056657174190903,4.1805732526370376e-07,0.3706248230252012,CM
,235560,Contig_792223.fasta,0.017309113056739406,5.797959167547495e-05,0.46054511719420915,CM
,235560,Contig_368085.fasta,0.01773073884672146,5.498929399920904e-05,0.46077187500671246,CM
,235560,Contig_713989.fasta,0.017608299075785705,5.874834251130393e-05,0.46145349020642656,CM
,235560,Contig_56628.fasta,0.020798863867999492,8.065275493870117e-05,0.4660496405072874,CM
,235560,Contig_369883.fasta,0.006693745708846675,7.393952255508977e-06,0.4177802134547469,CM
,235560,Contig_500548.fasta,0.0034989155418327813,1.252818791949872e-06,0.3796461168919404,CM
,235560,Contig_138155.fasta,0.017445297424650893,6.191050901826982e-05,0.46489204080408997,CM
,235560,Contig_307949.fasta,0.024323187589659966,0.00011436384327575916,0.4731181385938489,CM
,235560,Contig_135889.fasta,0.019712551226508546,7.430228476433801e-05,0.46581765960111154,CM
,235560,Contig_56903.fasta,0.009638653215257816,1.820259998280706e-05,0.4449965183731018,CM
,235560,Contig_134889.fasta,0.02107357199640931,9.247990233123404e-05,0.47097517772452596,CM
,235560,Contig_367996.fasta,0.011776132043528046,2.981818711326715e-05,0.4510012906692208,CM
,235560,Contig_57903.fasta,0.011610798004273582,2.7803575269905433e-05,0.4488382149345962,CM
,235560,Contig_139294.fasta,0.016732196641769052,5.334433493073431e-05,0.46145349020642656,CM
,235560,Contig_180.fasta,0.005988714152536373,6.1556719818485586e-06,0.4170355071919042,CM
,235560,Contig_1268736.fasta,0.026417600335929995,0.0001391993850126007,0.4755221941761347,CM
,235560,Contig_308022.fasta,0.023025529610925615,9.986271542887044e-05,0.46932180448276484,CM
,235560,Contig_985128.fasta,0.015379625063397715,4.339164251808708e-05,0.45806543227539553,CM
,235560,Contig_371212.fasta,0.023157316069332027,0.00010537006081086264,0.47026516489378545,CM
,235560,Contig_421597.fasta,0.009507467878354488,1.5176054891319954e-05,0.43669047043333326,CM
,235560,Contig_985291.fasta,0.020697466684409454,8.020741537202286e-05,0.4660496405072874,CM
,235560,Contig_59394.fasta,0.009235916755187413,1.370815552663025e-05,0.43466218213591873,CM
,235560,Contig_498502.fasta,0.016153170837692733,5.051906545449352e-05,0.45806543227539553,CM
,235560,Contig_423189.fasta,0.016460617519740504,5.460667919124863e-05,0.46122606118217496,CM
,235560,Contig_543062.fasta,0.001999467888612813,4.496769471199004e-07,0.33833249390406117,CM
,235560,Contig_543821.fasta,0.0,0.0,0.0,CM
,235560,Contig_429994.fasta,0.01995272794223291,7.669153671878273e-05,0.46721301954000655,CM
,235560,Contig_1065861.fasta,0.020192663502750154,7.666736242240764e-05,0.4669798793106951,CM
,235560,Contig_55662.fasta,0.0207166233442846,8.612136925978139e-05,0.46838222129060714,CM
,235560,Contig_1268437.fasta,0.007497723105893022,1.064876936354448e-05,0.433454227947491,CM
,235560,Contig_1065067.fasta,0.0,0.0,0.0,CM
,235560,Contig_135849.fasta,0.019794163897688545,7.997442849170222e-05,0.46791383906931655,CM
,235560,Contig_4084.fasta,0.016024979441920016,4.958136254898845e-05,0.4558342319233478,CM
,235560,Contig_424464.fasta,0.005761264970588497,5.8922802065422534e-06,0.4150011876446266,CM
,235560,Contig_371156.fasta,0.021966683014114582,0.00010008881519405491,0.47168733777148847,CM
,235560,Contig_502196.fasta,0.018441222587424647,6.889802050888015e-05,0.46581765960111154,CM
,235560,Contig_1260871.fasta,0.005988346389930252,6.113271442054892e-06,0.41610834955030374,CM
,235560,Contig_368806.fasta,0.004928162959142236,3.206505435508148e-06,0.4079458056402062,CM
,235560,Contig_58444.fasta,0.01495339799463515,4.476264314977931e-05,0.4571703361693371,CM
,235560,Contig_984996.fasta,0.012885280661537567,2.974755165422141e-05,0.4475503004010679,CM
,235560,Contig_990044.fasta,0.015300178999623087,4.617905402524481e-05,0.4582897542304766,CM
,235560,Contig_1274572.fasta,0.017550887770395793,5.743544932532817e-05,0.4609988562259276,CM
,235560,Contig_542553.fasta,0.019653739340476435,7.01065616552377e-05,0.46466121059515053,CM
,235560,Contig_131771.fasta,0.024531738445753983,0.00011781077676830187,0.4731181385938489,CM
,235560,Contig_499076.fasta,0.0127875530032636,2.703094435628517e-05,0.44584453460630447,CM
,235560,Contig_134152.fasta,0.017044365672451926,5.70984732464026e-05,0.4637401774720679,CM
,235560,Contig_131734.fasta,0.020723622283534172,8.69408607795012e-05,0.47097517772452596,CM
,235560,Contig_58559.fasta,0.013855760353199765,3.31241176399587e-05,0.4505670092145561,CM
,235560,Contig_55483.fasta,0.0042949421098438445,3.407676462170064e-06,0.3946974602018697,CM
,235560,Contig_55811.fasta,0.00945811567355135,1.4317740252519222e-05,0.43547123226553425,CM
,235560,Contig_985419.fasta,0.01770000541499787,6.382307823257403e-05,0.464200237171941,CM
,235560,Contig_213506.fasta,0.02759909469008687,0.0001481502201014511,0.47649067115001686,CM
,235560,Contig_135253.fasta,0.02602817807982956,0.00013715626687123248,0.47649067115001686,CM
,235560,Contig_24576898.fasta,0.004702734940205015,3.5143698664234054e-06,0.41027079269558664,CM
,235560,Contig_306742.fasta,0.019160567181535762,7.265726767412091e-05,0.466746971640216,CM
,235560,Contig_55353.fasta,0.008506670870486625,1.2310646843523274e-05,0.43914954394116995,CM
,235560,Contig_1063497.fasta,0.0012281651043778588,0.0,0.31841703917612557,CM
,235560,Contig_302609.fasta,0.0200845564032087,8.175497424568065e-05,0.46838222129060714,CM
,235560,Contig_1063840.fasta,0.009766417024146908,1.6453853002727246e-05,0.4418449849568617,CM
,235560,Contig_986139.fasta,0.015599157806043719,4.413741764837974e-05,0.4585142960012901,CM
,235560,Contig_370130.fasta,0.017800665471919372,6.276220915068681e-05,0.464200237171941,CM
,235560,Contig_54604.fasta,0.014879780931110908,4.2306775466972053e-05,0.45362466220971065,CM
,235560,Contig_554797.fasta,0.01522024959956023,4.410756674039136e-05,0.4573937820814434,CM
,235560,Contig_421549.fasta,0.004673176519999583,3.222351296883446e-06,0.40302656250587127,CM
,235560,Contig_61036.fasta,0.0254901242483041,0.00012426292728230607,0.4735970031065957,CM
,235560,Contig_303473.fasta,0.009414132184606341,1.4543352186656438e-05,0.43709840174620884,CM
,235560,Contig_501657.fasta,0.016141143993409112,4.900034849541122e-05,0.4585142960012901,CM
,235560,Contig_1062279.fasta,0.013044508222042603,3.0204194250677166e-05,0.45013356331824583,CM
,235560,Contig_58467.fasta,0.0011131115443328158,0.0,0.30713084284169123,CM
,235560,Contig_709008.fasta,0.0167982468098971,5.579412780460814e-05,0.4621371250067324,CM
,235560,Contig_306639.fasta,0.005020294718847777,4.005449070457602e-06,0.4111720905705769,CM
,235560,Contig_134328.fasta,0.022762746055998817,0.0001043297483842072,0.47073826868140495,CM
,235560,Contig_791908.fasta,0.0023092949504388556,6.334249299783623e-07,0.3560988120771055,CM
,235560,Contig_24572783.fasta,0.011831218907650529,2.719346923578155e-05,0.4484080872729435,CM
,235560,Contig_53481.fasta,0.0,0.0,0.0,CM
,235560,Contig_931044.fasta,0.020877538470142024,8.921632860003236e-05,0.47073826868140495,CM
,235560,Contig_369322.fasta,0.022446631320036086,9.856303236785984e-05,0.47073826868140495,CM
,235560,Contig_553512.fasta,0.00230095495380061,5.330437676977104e-07,0.3547489303027419,CM
,235560,Contig_368367.fasta,0.002349501493280903,6.136425013123358e-07,0.355557628472125,CM
,235560,Contig_986515.fasta,0.015001401907694296,4.0143101186700916e-05,0.4542852806498219,CM
,235560,Contig_61542.fasta,0.01252886900612118,2.8928511055046665e-05,0.4488382149345962,CM
,235560,Contig_137592.fasta,0.025712036836188532,0.00013336303265605717,0.47600594005016944,CM
,235560,Contig_498311.fasta,0.009555920948535988,1.4056367626883338e-05,0.4377117297187245,CM
,235560,Contig_369512.fasta,0.010791917364834319,2.3497354630092462e-05,0.44584453460630447,CM
,235560,Contig_135235.fasta,0.0034033774819250662,1.6359023441769034e-06,0.3796461168919404,CM
,235560,Contig_62671.fasta,0.008479336542817514,1.3473157937569533e-05,0.4375070959039893,CM
,235560,Contig_370401.fasta,0.020936555081974947,8.759267717674461e-05,0.46838222129060714,CM
,235560,Contig_2412.fasta,0.003689022201069863,2.080297729984346e-06,0.3925451670044602,CM
,235560,Contig_370444.fasta,0.025884455238089642,0.0001368318288408614,0.47649067115001686,CM
,235560,Contig_57800.fasta,0.027466044499705626,0.0001483214611069144,0.47649067115001686,CM
,235560,Contig_56006.fasta,0.017412465609693915,5.4310143026845304e-05,0.46145349020642656,CM
,235560,Contig_371401.fasta,0.006136488821405049,5.916101756922826e-06,0.4177802134547469,CM
,235560,Contig_56492.fasta,0.001187519933579909,0.0,0.31541209239589924,CM
,235560,Contig_3412.fasta,0.0023149284621124897,6.557131009093439e-07,0.35938082877827693,CM
,235560,Contig_498484.fasta,0.0160490685481004,5.203243024605406e-05,0.46054511719420915,CM
,235560,Contig_303206.fasta,0.0151422471300673,3.9386192618846056e-05,0.45362466220971065,CM
,235560,Contig_368656.fasta,0.02315961303801204,0.00010456496440547364,0.4712123253467438,CM
,235560,Contig_552825.fasta,0.02754120700083807,0.00014907980504789698,0.47649067115001686,CM
,235560,Contig_55071.fasta,0.02647907683393286,0.00013686342052001834,0.47479841610280726,CM
,235560,Contig_993479.fasta,0.024395402320871583,0.00011955189294620973,0.47383679905753573,CM
,235560,Contig_499778.fasta,0.012084903819380906,2.605951967087805e-05,0.4488382149345962,CM
,235560,Contig_5203.fasta,0.002447327219749542,7.931001905924349e-07,0.36441887777984155,CM
,235560,Contig_139312.fasta,0.01968397156012915,7.491493594703067e-05,0.46581765960111154,CM
,235560,Contig_132309.fasta,0.016271885812915804,5.142393594905822e-05,0.4578413298134213,CM
,235560,Contig_1064674.fasta,0.004368807283075446,3.126034913809589e-06,0.3932049067809382,CM
,235560,Contig_551478.fasta,0.009264370701085418,1.530296331557308e-05,0.4348641627038258,CM
,235560,Contig_549697.fasta,0.0024352070851329627,5.548937275573251e-07,0.3616026577042632,CM
,235560,Contig_424567.fasta,0.009284585774436863,1.5307008221162816e-05,0.43935571743597795,CM
,235560,Contig_549556.fasta,0.008106312557130886,1.3665425958243352e-05,0.4314558221017211,CM
,235560,Contig_1064927.fasta,0.02293077995719222,0.00010384832293069386,0.4714497119086313,CM
,235560,Contig_134109.fasta,0.00432316968748763,3.2484580693196763e-06,0.39436480326111806,CM
,235560,Contig_550094.fasta,0.02104804447049055,8.205700222608e-05,0.4660496405072874,CM
,235560,Contig_136183.fasta,0.024682762555649704,0.0001188206760135246,0.4735970031065957,CM
,235560,Contig_499700.fasta,0.02088856656806907,8.466325110829476e-05,0.4669798793106951,CM
,235560,Contig_131801.fasta,0.01346145542295715,3.662786582274759e-05,0.45605637336190696,CM
,235560,Contig_303182.fasta,0.0,0.0,0.0,CM
,235560,Contig_502444.fasta,0.025909647831886158,0.00013796116836375114,0.47673340710067913,CM
,235560,Contig_203422.fasta,0.006109838870979266,6.454856682077514e-06,0.4190898692962978,CM
,235560,Contig_61582.fasta,0.020920964631467365,8.989855132851932e-05,0.4712123253467438,CM
,235560,Contig_204934.fasta,0.013002608721824077,2.868063623952872e-05,0.45013356331824583,CM
,235560,Contig_302553.fasta,0.012983172760000923,3.346458112200982e-05,0.45494782602753187,CM
,235560,Contig_308121.fasta,0.02402399423962829,0.00010534624868791132,0.4700289694317595,CM
,235560,Contig_502068.fasta,0.002045891515983725,3.86961403752322e-07,0.3362657844551322,CM
,235560,Contig_134208.fasta,0.022463158847814704,9.800175044855024e-05,0.470501597857533,CM
,235560,Contig_372022.fasta,0.020939822235587872,8.230744648379694e-05,0.46721301954000655,CM
,235560,Contig_542609.fasta,0.02099572340707586,9.494807403959103e-05,0.471925203297344,CM
,235560,Contig_60217.fasta,0.014574980632782971,4.131938886906689e-05,0.45986618090350523,CM
,235560,Contig_993700.fasta,0.020399486680283282,8.301140522653334e-05,0.4669798793106951,CM
,235560,Contig_58603.fasta,0.018729891278146504,7.065881248070247e-05,0.46558590952170803,CM
,235560,Contig_62124.fasta,0.02655001113859953,0.0001406061121985448,0.47576394414775447,CM
,235560,Contig_428405.fasta,0.00825531251678491,1.1931798243616831e-05,0.4310583501329494,CM
,235560,Contig_498444.fasta,0.013857580289961155,3.656578013417128e-05,0.4520906657674556,CM
,235560,Contig_543124.fasta,0.0037921296144699185,1.7637557618637041e-06,0.39536446055709046,CM
,235560,Contig_502700.fasta,0.007710182275049797,1.0537308867726401e-05,0.4255696580894193,CM
,235560,Contig_547137.fasta,0.0,0.0,0.0,CM
,235560,Contig_303062.fasta,0.023194694897583853,0.00011169090676214495,0.4731181385938489,CM
,235560,Contig_986691.fasta,0.0071691081234901794,8.259607126013309e-06,0.4281004932015705,CM
,235560,Contig_930711.fasta,0.02295463961637826,0.00010338419209802458,0.47073826868140495,CM
,235560,Contig_550174.fasta,0.015191883046193242,4.2145930861350346e-05,0.4578413298134213,CM
,235560,Contig_132605.fasta,0.009370888478022709,1.3908163042856954e-05,0.4340573646283085,CM
,235560,Contig_985136.fasta,0.006005857411901154,5.766839106185773e-06,0.41481723321747915,CM
,235560,Contig_135781.fasta,0.02105481334787322,8.430422933195322e-05,0.4688515421536238,CM
,235560,Contig_135350.fasta,0.019609050378599276,7.203874206639881e-05,0.46558590952170803,CM
,235560,Contig_24572895.fasta,0.016695516186294643,5.805517348353069e-05,0.4639700932764666,CM
,235560,Contig_549067.fasta,0.0035510451337237266,2.321856703640335e-06,0.3905791644985948,CM
,235560,Contig_201548.fasta,0.0011533180871748634,0.0,0.3104935892961623,CM
,235560,Contig_423546.fasta,0.0023285843594284855,6.069558974874325e-07,0.35704985812233236,CM
,235560,Contig_56965.fasta,0.02333951792575297,0.0001021394800722968,0.4700289694317595,CM
,235560,Contig_989310.fasta,0.01947267998794074,7.457797728876908e-05,0.46558590952170803,CM
,235560,Contig_1268491.fasta,0.0012319898638812647,0.0,0.31830873406075955,CM
,235560,Contig_306129.fasta,0.014441205878152188,3.97908094426203e-05,0.4562787314181536,CM
,235560,Contig_420630.fasta,0.0,0.0,0.0,CM
,235560,Contig_133996.fasta,0.025384442210756305,0.00013018886713732212,0.47576394414775447,CM
,235560,Contig_932723.fasta,0.013152449749637774,3.645086756001286e-05,0.4551691041530317,CM
,235560,Contig_501147.fasta,0.009766820799122713,1.7026546388729653e-05,0.4410121009135877,CM
,235560,Contig_303326.fasta,0.01506446877323082,4.0002266866547064e-05,0.4551691041530317,CM
,235560,Contig_131637.fasta,0.016606590968394553,5.4827300913975956e-05,0.46054511719420915,CM
,235560,Contig_309378.fasta,0.00912860568920229,1.590785220566811e-05,0.43506633107328363,CM
,235560,Contig_987947.fasta,0.004412629399967723,3.2417616588031033e-06,0.3965371517536581,CM
,235560,Contig_794883.fasta,0.021642646208490168,9.547999770940463e-05,0.47026516489378545,CM
,235560,Contig_500102.fasta,0.02564361340588499,0.0001303316035320678,0.47528068976060595,CM
,235560,Contig_371148.fasta,0.011703728240298587,2.4099097517904743e-05,0.44584453460630447,CM
,235560,Contig_429171.fasta,0.02385753163403502,0.00011340173980849321,0.4726402414841581,CM
,235560,Contig_543887.fasta,0.002602026592825604,9.232820545014004e-07,0.3734348276690475,CM
,235560,Contig_53404.fasta,0.021923863136486595,9.2930190800194e-05,0.46932180448276484,CM
,235560,Contig_53441.fasta,0.007004537963583347,7.399914229756898e-06,0.421924110973234,CM
,235560,Contig_542338.fasta,0.018011065753362338,6.669626442197374e-05,0.4662818525852681,CM
,235560,Contig_1065711.fasta,0.01072864253793141,2.1439310013754386e-05,0.44478501812672677,CM
,235560,Contig_984988.fasta,0.019736547569805005,8.061062534690191e-05,0.46908655545796146,CM
,235560,Contig_368263.fasta,0.01947026149726765,7.503465465296269e-05,0.46581765960111154,CM
,235560,Contig_993761.fasta,0.014202408463956063,3.448069063650918e-05,0.45406486081447506,CM
,235560,Contig_542943.fasta,0.011482291123128683,2.6806423703806694e-05,0.4505670092145561,CM
,235560,Contig_133011.fasta,0.011726245130470622,2.778238816290179e-05,0.449484955878306,CM
,235560,Contig_542594.fasta,0.00681814330723629,8.557047391480474e-06,0.4202189843460409,CM
,235560,Contig_548958.fasta,0.019101519327033686,7.114829207364931e-05,0.46466121059515053,CM
,235560,Contig_931946.fasta,0.01547236213078275,4.158806442379159e-05,0.4558342319233478,CM
,235560,Contig_1063039.fasta,0.013466534872156984,3.47466836390894e-05,0.45561230678609205,CM
,235560,Contig_502009.fasta,0.02208657824873004,9.327237088831298e-05,0.46979301111377164,CM
,235560,Contig_498308.fasta,0.0173521482715532,6.094948152614175e-05,0.46351048941982814,CM
,235560,Contig_53952.fasta,0.02172410670365352,9.513093520311549e-05,0.47026516489378545,CM
,235560,Contig_929016.fasta,0.012164693979485011,2.7226468917794693e-05,0.45035018197239324,CM
,235560,Contig_55444.fasta,0.015119681533947585,4.761438296135676e-05,0.45806543227539553,CM
,235560,Contig_58949.fasta,0.010287450082097438,1.7482541286427833e-05,0.4397686457418388,CM
,235560,Contig_1065204.fasta,0.019601167964707508,8.049849268689883e-05,0.46791383906931655,CM
,235560,Contig_55095.fasta,0.020851942742594727,7.896246662165288e-05,0.46558590952170803,CM
,235560,Contig_986384.fasta,0.022079654477992358,0.00010359289435860067,0.4731181385938489,CM
,235560,Contig_420408.fasta,0.02098233710874611,8.707950093417669e-05,0.4688515421536238,CM
,235560,Contig_137576.fasta,0.025205183739053172,0.00012636949780662102,0.4745576461149255,CM
,235560,Contig_53578.fasta,0.014904240675733822,4.1100055563723466e-05,0.4558342319233478,CM
,235560,Contig_56433.fasta,0.011485570668782944,2.4364715380402437e-05,0.4460570439173656,CM
,235560,Contig_24577731.fasta,0.018668750515698117,6.60908691955042e-05,0.464200237171941,CM
,235560,Contig_56476.fasta,0.021778432185136847,9.83939796383348e-05,0.47168733777148847,CM
,235560,Contig_54700.fasta,0.017492731108414206,5.742927977241964e-05,0.4616811436303074,CM
,235560,Contig_1064903.fasta,0.0185712325533446,6.486310177020079e-05,0.464200237171941,CM
,235560,Contig_542569.fasta,0.0033979114258509352,1.924989628309894e-06,0.38574924902664187,CM
,235560,Contig_1062081.fasta,0.0036909101069838106,1.8932118828904968e-06,0.3933701883726915,CM
,235560,Contig_24576774.fasta,0.003369664467559691,1.4307412398104889e-06,0.3801087238580963,CM
,235560,Contig_138216.fasta,0.018900262621504935,6.94534786673272e-05,0.4660496405072874,CM
,235560,Contig_799287.fasta,0.009165124830320533,1.6474193108065934e-05,0.4368943408677092,CM
,235560,Contig_1066406.fasta,0.02461702542905479,0.00012308147582524155,0.4743171201919073,CM
,235560,Contig_371290.fasta,0.009737877250946733,1.6668473758730245e-05,0.4422626078159892,CM
,235560,Contig_498639.fasta,0.0124696431908409,2.8111434465757342e-05,0.4462697559077888,CM
,235560,Contig_542359.fasta,0.007985252136991751,1.0572490414365128e-05,0.4275137862670777,CM
,235560,Contig_991920.fasta,0.01843332144629296,6.513710490364044e-05,0.4639700932764666,CM
,235560,Contig_306564.fasta,0.006098776050178008,6.795344239948145e-06,0.41946556617598973,CM
,235560,Contig_550251.fasta,0.0012597468136210702,0.0,0.3222547101028351,CM
,235560,Contig_131613.fasta,0.0133787886859155,3.454493160486436e-05,0.4518723699365684,CM
,235560,Contig_423948.fasta,0.0,0.0,0.0,CM
,235560,Contig_56904.fasta,0.008197838654621961,1.2858603884377928e-05,0.43265264823792565,CM
,235560,Contig_135088.fasta,0.02155069349676897,8.87012938339796e-05,0.46955728958285653,CM
,235560,Contig_427790.fasta,0.024326372378186606,0.0001159653467550296,0.4735970031065957,CM
,235560,Contig_246.fasta,0.007295563939856676,8.460753153488174e-06,0.4284925266202533,CM
,235560,Contig_139152.fasta,0.018871550832743993,6.699116614630316e-05,0.46512310046651745,CM
,235560,Contig_60097.fasta,0.0047294115183316825,4.486010539944291e-06,0.4063515753967143,CM
,235560,Contig_309018.fasta,0.02385143728520754,0.00011207314547071911,0.4726402414841581,CM
,235560,Contig_368416.fasta,0.008661373462964493,1.1836005354691569e-05,0.4284925266202533,CM
,235560,Contig_305513.fasta,0.0269126607493325,0.0001472008474820226,0.4769763904885999,CM
,235560,Contig_137002.fasta,0.00840709152731668,1.2789516924514983e-05,0.4340573646283085,CM
,235560,Contig_421629.fasta,0.0,0.0,0.0,CM
,235560,Contig_625912.fasta,0.0,0.0,0.0,CM
,235560,Contig_131696.fasta,0.01164591367931724,2.5183474529793768e-05,0.4449965183731018,CM
,235560,Contig_304203.fasta,0.02677083750021022,0.0001402647595804685,0.4755221941761347,CM
,235560,Contig_420590.fasta,0.0130583286905714,3.122218619858883e-05,0.4516542848159426,CM
,235560,Contig_370681.fasta,0.02199020309756072,9.465315471477448e-05,0.47026516489378545,CM
,235560,Contig_548716.fasta,0.009240534258454162,1.5327281684802187e-05,0.4375070959039893,CM
,235560,Contig_212088.fasta,0.018691114365667387,7.008507897221117e-05,0.464200237171941,CM
,235560,Contig_985929.fasta,0.013982889081367215,3.5876731313347404e-05,0.45406486081447506,CM
,235560,Contig_1124471.fasta,0.0013508827791821022,0.0,0.3311492137787095,CM
,235560,Contig_24578704.fasta,0.024170761356794183,0.00011488299411080614,0.4726402414841581,CM
,235560,Contig_53458.fasta,0.01539050955933546,4.682215634134051e-05,0.4596403134276194,CM
,235560,Contig_369801.fasta,0.010887293610471045,1.8943351833652698e-05,0.442681020879202,CM
,235560,Contig_498641.fasta,0.017416851367889997,6.05329198042802e-05,0.4632810287815015,CM
,235560,Contig_984991.fasta,0.019873600218987892,7.41752524205153e-05,0.466746971640216,CM
,235560,Contig_501958.fasta,0.007796312774036451,9.81462522449995e-06,0.42518295235739806,CM
,235560,Contig_133189.fasta,0.0013508827791821022,0.0,0.3311492137787095,CM
,235560,Contig_62449.fasta,0.021742899954929975,9.883955692662958e-05,0.47168733777148847,CM
,235560,Contig_370912.fasta,0.02635927672481636,0.00013845829138919586,0.4755221941761347,CM
,235560,Contig_542449.fasta,0.0010177089436524934,0.0,0.2994648570043626,CM
,235560,Contig_548885.fasta,0.0024292207887761665,4.691529508930879e-07,0.35993372236101273,CM
,235560,Contig_367951.fasta,0.016335228223039518,5.113587102321748e-05,0.4596403134276194,CM
,235560,Contig_1234.fasta,0.021204421942201585,8.320553017133038e-05,0.4674463926766399,CM
,235560,Contig_53375.fasta,0.008655408125919159,1.5538052952908503e-05,0.44163646915461685,CM
,235560,Contig_1064866.fasta,0.002270975135735081,4.1477923044287475e-07,0.35049725772982515,CM
,235560,Contig_55484.fasta,0.020959079824242877,8.651070224711546e-05,0.46861676421564,CM
,235560,Contig_309986.fasta,0.021131210269915116,8.957639000470686e-05,0.46838222129060714,CM
,235560,Contig_2772.fasta,0.0010298849394125636,0.0,0.299656637252204,CM
,235560,Contig_133368.fasta,0.022219053068976938,9.605289925167456e-05,0.47073826868140495,CM
,235560,Contig_1062791.fasta,0.006231649724595018,5.283899138842799e-06,0.42230490890732536,CM
,235560,Contig_802396.fasta,0.002341415060904749,4.977181174834907e-07,0.35800599775770203,CM
,235560,Contig_1063340.fasta,0.01447720875314902,3.765165255190289e-05,0.45561230678609205,CM
,235560,Contig_500006.fasta,0.023115921232568924,0.00010159709873637072,0.4700289694317595,CM
,235560,Contig_132445.fasta,0.018274547161086074,5.9516755245167855e-05,0.4616811436303074,CM
,235560,Contig_992335.fasta,0.02308463555343797,0.00010428143588855844,0.4714497119086313,CM
,235560,Contig_500492.fasta,0.021088679661308507,8.903040445756054e-05,0.46932180448276484,CM
,235560,Contig_304732.fasta,0.014127437812563095,3.390070606277825e-05,0.4520906657674556,CM
,235560,Contig_545842.fasta,0.007029225600164708,9.701626021271262e-06,0.4246042096817754,CM
,235560,Contig_552844.fasta,0.0023411614966426576,5.719990902076459e-07,0.3582801217988641,CM
,235560,Contig_57067.fasta,0.0033474206310878537,1.4726546979170398e-06,0.3830649521648109,CM
,235560,Contig_2436.fasta,0.004989464672492128,4.832312804404449e-06,0.4128044455838699,CM
,235560,Contig_133069.fasta,0.0012390236790269227,0.0,0.31841703917612557,CM
,235560,Contig_420771.fasta,0.01922438413627019,7.003228767421646e-05,0.46466121059515053,CM
,235560,Contig_56861.fasta,0.013121566853969913,3.347232852426899e-05,0.45494782602753187,CM
,235560,Contig_132069.fasta,0.01763195809867366,5.627415899793237e-05,0.4616811436303074,CM
,235560,Contig_551070.fasta,0.009644868888095964,1.4256834650466331e-05,0.43709840174620884,CM
,235560,Contig_985077.fasta,0.00605227769260103,5.419897342461943e-06,0.4170355071919042,CM
,235560,Contig_551035.fasta,0.0011961834061060398,0.0,0.3153058214752807,CM
,235560,Contig_545300.fasta,0.0,0.0,0.0,CM
,235560,Contig_542610.fasta,0.0026558781646781318,7.183376890088416e-07,0.37538214125095587,CM
,235560,Contig_1065239.fasta,0.017287192710363494,5.720903494926434e-05,0.46282278839695007,CM
,235560,Contig_370582.fasta,0.012576532494830695,2.8936111335757825e-05,0.4512187454863226,CM
,235560,Contig_57185.fasta,0.008251344263048221,1.0497899608701883e-05,0.43305306716271774,CM
,235560,Contig_131669.fasta,0.01986783449621474,7.634255371499864e-05,0.4665142961807742,CM
,235560,Contig_136379.fasta,0.01880211542172631,6.380430696222836e-05,0.46259400797757444,CM
,235560,Contig_986919.fasta,0.013722774122571103,3.166722436080338e-05,0.45013356331824583,CM
,235560,Contig_61778.fasta,0.023435288939678472,0.00011008916279108826,0.4735970031065957,CM
,235560,Contig_53377.fasta,0.003552631654457916,1.3172563585962762e-06,0.3854314984096512,CM
,235560,Contig_61055.fasta,0.018782223554751332,6.716266556613106e-05,0.46558590952170803,CM
,235560,Contig_932015.fasta,0.015497807698984593,4.416866281136285e-05,0.45873905791109465,CM
,235560,Contig_304943.fasta,0.003618140832404226,1.7410737428407107e-06,0.38976579680909335,CM
,235560,Contig_303410.fasta,0.01749275774611688,6.341238072069341e-05,0.46535438992473055,CM
,235560,Contig_797051.fasta,0.010930666941256696,2.1131478409928977e-05,0.4460570439173656,CM
,235560,Contig_368429.fasta,0.020401477948126776,8.250188685690333e-05,0.46861676421564,CM
,235560,Contig_369429.fasta,0.010363018962852803,1.619917745874215e-05,0.43607999913263423,CM
,235560,Contig_498995.fasta,0.022208505606196513,0.0001024479034711132,0.4726402414841581,CM
,235560,Contig_132970.fasta,0.009322642180092062,1.730562567314425e-05,0.4410121009135877,CM
,235560,Contig_369790.fasta,0.013668294185113502,3.563758675092522e-05,0.4507840453461624,CM
,235560,Contig_498542.fasta,0.003431779117010463,1.1526238657090755e-06,0.3821264508528514,CM
,235560,Contig_369341.fasta,0.02139498101196285,8.912388566845975e-05,0.47026516489378545,CM
,235560,Contig_60785.fasta,0.0068071331436912255,8.298051868174495e-06,0.4253762173357423,CM
,235560,Contig_24569917.fasta,0.009574684285674968,1.8032451111304788e-05,0.4435202266059872,CM
,235560,Contig_501535.fasta,0.007631368656768418,1.0037759639823084e-05,0.42615103740374916,CM
,235560,Contig_56399.fasta,0.015122773500700955,4.2349039663282286e-05,0.4558342319233478,CM
,235560,Contig_498337.fasta,0.027104849394020802,0.00014816687221656027,0.4772196216923167,CM
,235560,Contig_137165.fasta,0.02177331912693441,9.090137354822285e-05,0.4681479130258295,CM
,235560,Contig_992875.fasta,0.010547141154678703,1.8732818697470233e-05,0.4422626078159892,CM
,235560,Contig_136120.fasta,0.028616979333936705,0.00016437637009675203,0.4781950322629704,CM
,235560,Contig_425638.fasta,0.0,0.0,0.0,CM
,235560,Contig_1267810.fasta,0.025680756014856216,0.0001359112096918538,0.47649067115001686,CM
,235560,Contig_370427.fasta,0.0023911777097649425,4.661832881554816e-07,0.3606272362769299,CM
,235560,Contig_131789.fasta,0.0213648567729099,8.946462459469404e-05,0.4700289694317595,CM
,235560,Contig_2471.fasta,0.01979393300836852,7.936456907331177e-05,0.46838222129060714,CM
,235560,Contig_1062006.fasta,0.01507762394742066,4.433550302827062e-05,0.45694710846612946,CM
,235560,Contig_1125243.fasta,0.023918665603052128,0.00011123439591907796,0.4726402414841581,CM
,235560,Contig_57065.fasta,0.008575349137904377,1.1744716790521084e-05,0.43506633107328363,CM
,235560,Contig_61698.fasta,0.015283855892903172,4.493766355577071e-05,0.45806543227539553,CM
,235560,Contig_302649.fasta,0.018937816183167745,7.065576392817954e-05,0.46721301954000655,CM
,235560,Contig_423091.fasta,0.0161624452488353,4.856732523368116e-05,0.46054511719420915,CM
,235560,Contig_54356.fasta,0.006868707059015341,9.071783579782054e-06,0.4230685705870855,CM
,235560,Contig_546759.fasta,0.007291244117616923,8.36324262361419e-06,0.4246042096817754,CM
,235560,Contig_307829.fasta,0.020858133475051943,8.672864233068964e-05,0.46979301111377164,CM
,235560,Contig_56065.fasta,0.018293335678734868,6.101206599228042e-05,0.45986618090350523,CM
,235560,Contig_793801.fasta,0.017115307280308398,5.267395341979841e-05,0.4594146677165602,CM
,235560,Contig_809830.fasta,0.008674166716741925,1.3226959341417809e-05,0.44059683528184235,CM
,235560,Contig_57449.fasta,0.013055663558775858,3.335471530257898e-05,0.45406486081447506,CM
,235560,Contig_55851.fasta,0.008794950918495094,1.277101819631512e-05,0.43914954394116995,CM
,235560,Contig_54486.fasta,0.013088254435170636,3.136365259589789e-05,0.4520906657674556,CM
,235560,Contig_371875.fasta,0.018950294003523948,7.45995661159295e-05,0.4681479130258295,CM
,235560,Contig_308206.fasta,0.0,0.0,0.0,CM
,235560,Contig_56474.fasta,0.020604264382698568,8.438917965731716e-05,0.4674463926766399,CM
,235560,Contig_54702.fasta,0.0009277316729104481,0.0,0.29217223794524916,CM
,235560,Contig_131749.fasta,0.012470690263220204,2.6540022999227543e-05,0.4462697559077888,CM
,235560,Contig_370036.fasta,0.025558763368092603,0.00013173803261967205,0.4755221941761347,CM
,235560,Contig_986386.fasta,0.012723157396043749,2.8768216648364697e-05,0.4481933324418741,CM
,235560,Contig_62203.fasta,0.0185304073813893,6.701244987389585e-05,0.46489204080408997,CM
,235560,Contig_499726.fasta,0.023204214607542822,0.00010982362777349575,0.47383679905753573,CM
,235560,Contig_704029.fasta,0.007053878487267847,8.61120861874807e-06,0.4281004932015705,CM
,235560,Contig_1275222.fasta,0.014654616674520421,3.735957529486917e-05,0.4520906657674556,CM
,235560,Contig_202090.fasta,0.00933295888853948,1.5824245801153624e-05,0.4385321828203529,CM
,235560,Contig_134602.fasta,0.014351039328912907,3.8117837413776114e-05,0.45605637336190696,CM
,235560,Contig_708522.fasta,0.015155701997159177,4.5165880408212356e-05,0.45806543227539553,CM
,235560,Contig_553715.fasta,0.00706275392021077,9.665379442953733e-06,0.4271235409122013,CM
,235560,Contig_56788.fasta,0.017287058438285468,5.7873041769169517e-05,0.46259400797757444,CM
,235560,Contig_543246.fasta,0.0,0.0,0.0,CM
,235560,Contig_1064243.fasta,0.015465974877055661,4.726816334136402e-05,0.45873905791109465,CM
,235560,Contig_1064692.fasta,0.002589906458209025,6.743828476485732e-07,0.37313703275065113,CM
,235560,Contig_58108.fasta,0.002178375691190441,4.118221264686515e-07,0.3495807538806997,CM
,235560,Contig_133815.fasta,0.003553552458133136,1.5082158629646712e-06,0.38670565212340213,CM
,235560,Contig_62147.fasta,0.022417036552695,0.00010254578779844249,0.4714497119086313,CM
,235560,Contig_501081.fasta,0.00890531105437295,1.4251991087081032e-05,0.4332535546938116,CM
,235560,Contig_61231.fasta,0.01846049019594516,6.51506329618188e-05,0.46512310046651745,CM
,235560,Contig_24568074.fasta,0.013843665570192645,3.704974574595838e-05,0.45450591458894274,CM
,235560,Contig_546764.fasta,0.015369657038240071,4.465867961466941e-05,0.45806543227539553,CM
,235560,Contig_137630.fasta,0.02179530978802602,9.116163170534345e-05,0.46838222129060714,CM
,235560,Contig_498427.fasta,0.008214073928438415,1.0309756737746729e-05,0.42987031609491644,CM
,235560,Contig_24578527.fasta,0.019700572268927925,7.324429337603404e-05,0.46466121059515053,CM
,235560,Contig_132013.fasta,0.02315523223394516,0.00010359306872660548,0.47026516489378545,CM
,235560,Contig_62777.fasta,0.024302678278662997,0.00011561652668536114,0.4726402414841581,CM
,235560,Contig_550583.fasta,0.022915313276760968,0.0001047676130478673,0.471925203297344,CM
,235560,Contig_53808.fasta,0.008464172507206191,1.4219855284608846e-05,0.4362832998315306,CM
,235560,Contig_802698.fasta,0.022141020806120196,9.757700328035535e-05,0.47097517772452596,CM
,235560,Contig_369414.fasta,0.021697420554204934,9.089513512217738e-05,0.46861676421564,CM
,235560,Contig_621060.fasta,0.02057815326244054,7.915759200166195e-05,0.46581765960111154,CM
,235560,Contig_992910.fasta,0.009425894764835878,1.4749617727935141e-05,0.43547123226553425,CM
,235560,Contig_4802.fasta,0.0212408167901927,9.092094842676192e-05,0.46955728958285653,CM
,235560,Contig_53766.fasta,0.013392835914068495,3.2366809952947866e-05,0.45252789078270456,CM
,235560,Contig_201.fasta,0.00721644294111094,8.738329177431507e-06,0.4271235409122013,CM
,235560,Contig_425070.fasta,0.018095361629031997,6.504770323745801e-05,0.4665142961807742,CM
,235560,Contig_425833.fasta,0.009489578014900118,1.7941139123683497e-05,0.4422626078159892,CM
,235560,Contig_797704.fasta,0.012233421726318671,2.824226937532517e-05,0.4516542848159426,CM
,235560,Contig_627634.fasta,0.025083581943607162,0.0001300779289655535,0.4755221941761347,CM
,235560,Contig_991161.fasta,0.023540197702334866,0.00010877990534051912,0.4726402414841581,CM
,235560,Contig_545925.fasta,0.0011592729752886643,0.0,0.3116309284510933,CM
,235560,Contig_131611.fasta,0.004218632717646167,2.766455915707804e-06,0.39155969796595524,CM
,235560,Contig_552125.fasta,0.016509513445525165,5.310026313300366e-05,0.46145349020642656,CM
,235560,Contig_138251.fasta,0.00562604968250876,4.93153968115688e-06,0.4084799991875308,CM
,235560,Contig_55132.fasta,0.013037979840332094,3.262260320249049e-05,0.45252789078270456,CM
,235560,Contig_139680.fasta,0.0196820413499797,7.469961886196505e-05,0.46581765960111154,CM
,235560,Contig_55177.fasta,0.005127011532657184,4.883968501805909e-06,0.41684974527333324,CM
,235560,Contig_1067090.fasta,0.01872845466719283,6.800836457684922e-05,0.46489204080408997,CM
,235560,Contig_501431.fasta,0.014667910081061043,4.20452477138194e-05,0.4578413298134213,CM
,235560,Contig_499446.fasta,0.019559727528120557,7.907415822225822e-05,0.46767999906978164,CM
,235560,Contig_136280.fasta,0.01645745193369883,4.981495086592371e-05,0.45806543227539553,CM
,235560,Contig_425598.fasta,0.0,0.0,0.0,CM
,235560,Contig_56039.fasta,0.010665962191443326,2.2890284671372408e-05,0.44797878321619583,CM
,235560,Contig_59601.fasta,0.012669069576104778,2.8590689517977077e-05,0.44862304800509734,CM
,235560,Contig_502702.fasta,0.017822341440124633,6.327734854931692e-05,0.46558590952170803,CM
,235560,Contig_544473.fasta,0.021856729474013657,9.636827892957721e-05,0.470501597857533,CM
,235560,Contig_551703.fasta,0.02455965814521328,0.00012110967267711001,0.4745576461149255,CM
,235560,Contig_988522.fasta,0.014165992559177474,3.805067172337152e-05,0.4567240986523344,CM
,235560,Contig_371356.fasta,0.014702759657384046,3.721602271929039e-05,0.45296596231298797,CM
,235560,Contig_626449.fasta,0.01934191159784004,7.871517743092406e-05,0.46861676421564,CM
,235560,Contig_548610.fasta,0.01751913053012575,6.128816981818175e-05,0.4637401774720679,CM
,235560,Contig_425664.fasta,0.008354268875055085,1.1311296591261291e-05,0.43225296911715155,CM
,235560,Contig_24566569.fasta,0.0,0.0,0.0,CM
,235560,Contig_548279.fasta,0.0011131115443328158,0.0,0.30713084284169123,CM
,235560,Contig_58194.fasta,0.020994965073175813,8.854511054862227e-05,0.46979301111377164,CM
,235560,Contig_368907.fasta,0.017634499122230998,6.0557011577372975e-05,0.4621371250067324,CM
,235560,Contig_131846.fasta,0.0010177089436524934,0.0,0.2994648570043626,CM
,235560,Contig_991730.fasta,0.025528672657721945,0.00012621531690854977,0.4745576461149255,CM
,235560,Contig_368942.fasta,0.0012597468136210702,0.0,0.3222547101028351,CM
,235560,Contig_501775.fasta,0.015231612818972829,4.28711930872132e-05,0.4567240986523344,CM
,235560,Contig_368101.fasta,0.02337569819873785,0.0001050056558207315,0.4714497119086313,CM
,235560,Contig_24.fasta,0.0022177283488803577,4.4442831280845767e-07,0.34711709129771257,CM
,235560,Contig_1066255.fasta,0.02651239616617866,0.0001355459136674626,0.4750394305272249,CM
,235560,Contig_929331.fasta,0.018839722003932993,7.121056850800408e-05,0.4665142961807742,CM
,235560,Contig_987858.fasta,0.022321438787907356,0.00010188016632516913,0.47097517772452596,CM
,235560,Contig_55763.fasta,0.015267777265511482,4.544564492110478e-05,0.4594146677165602,CM
,235560,Contig_420346.fasta,0.00926885173387799,1.4212040834024706e-05,0.43648679017660125,CM
,235560,Contig_370486.fasta,0.01642687632702731,5.383146824866919e-05,0.4609988562259276,CM
,235560,Contig_420797.fasta,0.005940362731302361,5.719774303175255e-06,0.4150011876446266,CM
,235560,Contig_2842.fasta,0.0034898431455312098,1.650512688667146e-06,0.3851142708389437,CM
,235560,Contig_54955.fasta,0.022070487431066058,9.910989859629945e-05,0.47168733777148847,CM
,235560,Contig_53894.fasta,0.01894043661289582,7.311490950666202e-05,0.4665142961807742,CM
,235560,Contig_54153.fasta,0.01912631762214598,7.541106212692494e-05,0.46581765960111154,CM
,235560,Contig_1061936.fasta,0.011910830925758956,2.5176288054444884e-05,0.4475503004010679,CM
,235560,Contig_55116.fasta,0.02429173206681438,0.00011654121110146386,0.473357449741342,CM
,235560,Contig_922.fasta,0.0,0.0,0.0,CM
,235560,Contig_552669.fasta,0.005212942992795716,4.0727126461089e-06,0.39975552248553314,CM
,235560,Contig_1270681.fasta,0.0169464065589597,5.2603987820336926e-05,0.46077187500671246,CM
,235560,Contig_986945.fasta,0.01972669723802631,7.213663629784836e-05,0.46489204080408997,CM
,235560,Contig_137360.fasta,0.022956250519837285,9.746195078490723e-05,0.46861676421564,CM
,235560,Contig_985270.fasta,0.012226100711099511,2.6470123720877065e-05,0.44733636622305595,CM
,235560,Contig_59388.fasta,0.012659110894403629,2.944914573128282e-05,0.449484955878306,CM
,235560,Contig_138131.fasta,0.022417043682138774,9.908326549076625e-05,0.47097517772452596,CM
,235560,Contig_4065.fasta,0.023099159411798114,0.0001081387113577485,0.471925203297344,CM
,235560,Contig_53742.fasta,0.0013049953854960294,0.0,0.32595878723045385,CM
,235560,Contig_371523.fasta,0.015049822666839834,4.536267738642864e-05,0.46009227047130435,CM
,235560,Contig_24574115.fasta,0.020494561350474092,7.806034746675292e-05,0.46581765960111154,CM
,235560,Contig_422544.fasta,0.008580660523248355,1.1765097739930973e-05,0.43648679017660125,CM
,235560,Contig_499233.fasta,0.02056661452268033,8.251491805015246e-05,0.4674463926766399,CM
,235560,Contig_542382.fasta,0.0,0.0,0.0,CM
,235560,Contig_542716.fasta,0.013644943285277912,3.810982440764117e-05,0.453185316289895,CM
,235560,Contig_131534.fasta,0.004692932562033267,2.6284737910986923e-06,0.39992635817890304,CM
,235560,Contig_1066498.fasta,0.02440027247876254,0.00011787925245244191,0.473357449741342,CM
,235560,Contig_137822.fasta,0.004928273825513157,3.5345880341689352e-06,0.40688159919071004,CM
,235560,Contig_59872.fasta,0.022816155470243484,0.00010212627754141896,0.4700289694317595,CM
,235560,Contig_498523.fasta,0.0065121428613229984,8.04123969488931e-06,0.4196536673267413,CM
,235560,Contig_57119.fasta,0.023256406484413895,0.00010794120655102756,0.4724016547898198,CM
,235560,Contig_1067031.fasta,0.008154788205157892,1.169435294854464e-05,0.43305306716271774,CM
,235560,Contig_372145.fasta,0.007038187523925957,9.825780963007665e-06,0.42402704038904987,CM
,235560,Contig_1062612.fasta,0.008629139746968807,1.4672320821768658e-05,0.43185402775202264,CM
,235560,Contig_422254.fasta,0.027680369916344504,0.00015140674286677838,0.47649067115001686,CM
,235560,Contig_1123102.fasta,0.016469491996087743,5.3979008708711364e-05,0.46054511719420915,CM
,235560,Contig_59049.fasta,0.019550555263416845,8.066458714954377e-05,0.46721301954000655,CM
,235560,Contig_209172.fasta,0.025408518716164365,0.0001331152208922182,0.47624818225884635,CM
,235560,Contig_56634.fasta,0.0036979991639385606,2.10821340778393e-06,0.39172359905342535,CM
,235560,Contig_3298.fasta,0.0,0.0,0.0,CM
,235560,Contig_369021.fasta,0.019116151756722256,7.400965740883161e-05,0.4681479130258295,CM
,235560,Contig_304922.fasta,0.01742531552786275,5.504880095250732e-05,0.4603185824587472,CM
,235560,Contig_930796.fasta,0.017764785095676684,5.933228287567533e-05,0.46259400797757444,CM
,235560,Contig_368021.fasta,0.016210450401214667,4.983634807856348e-05,0.4585142960012901,CM
,235560,Contig_545617.fasta,0.0,0.0,0.0,CM
,235560,Contig_131608.fasta,0.003403433343068557,1.0408477284061474e-06,0.37659061494512397,CM
,235560,Contig_370934.fasta,0.024071691077523133,0.00011071301708158941,0.4712123253467438,CM
,235560,Contig_369398.fasta,0.023304306679284674,0.00010350040726315222,0.4712123253467438,CM
,235560,Contig_1064046.fasta,0.01663666796536181,5.350610071343961e-05,0.4619090217860973,CM
,235560,Contig_991399.fasta,0.024544892219596763,0.00012215281504360386,0.47479841610280726,CM
,235560,Contig_55830.fasta,0.023402233291027533,0.0001055868432917774,0.4714497119086313,CM
,235560,Contig_57305.fasta,0.0031282233437832973,1.3646509534359277e-06,0.36541494655940376,CM
,235560,Contig_1063323.fasta,0.025537373432599122,0.00012926618970413394,0.4745576461149255,CM
,235560,Contig_554259.fasta,0.0,0.0,0.0,CM
,235560,Contig_1066500.fasta,0.013586069955329272,3.362156042896677e-05,0.4507840453461624,CM
,235560,Contig_59255.fasta,0.002256732622679416,4.925898281639881e-07,0.35314252005231433,CM
,235560,Contig_371829.fasta,0.023750421177799366,0.00011202571179671053,0.473357449741342,CM
,235560,Contig_500065.fasta,0.008302616921577617,1.2322957011393555e-05,0.4340573646283085,CM
,235560,Contig_368285.fasta,0.007240636942560314,8.69298698277585e-06,0.4267340073591578,CM
,235560,Contig_542537.fasta,0.003571425017003709,1.5748081818679683e-06,0.38798825793475666,CM
,235560,Contig_986865.fasta,0.01733965285877447,5.959613110417552e-05,0.4621371250067324,CM
,235560,Contig_60641.fasta,0.01833712188836626,6.797815944129737e-05,0.46466121059515053,CM
,235560,Contig_425558.fasta,0.006961259156694278,8.305321999280818e-06,0.4249898629149106,CM
,235560,Contig_1262982.fasta,0.00860331638047111,1.5543659552641703e-05,0.43832678132957054,CM
,235560,Contig_305.fasta,0.0025358435144806433,4.2081678226548046e-07,0.3675678233066116,CM
,235560,Contig_420386.fasta,0.0231776478062623,0.00010032331703940345,0.46979301111377164,CM
,235560,Contig_553448.fasta,0.0010177089436524934,0.0,0.2994648570043626,CM
,235560,Contig_138817.fasta,0.006786799060836273,7.619210469197127e-06,0.4209751138725295,CM
,235560,Contig_371446.fasta,0.008355551405785196,1.0257564205288558e-05,0.4296729468037801,CM
,235560,Contig_994196.fasta,0.019904299364621552,8.066138939256818e-05,0.4681479130258295,CM
,235560,Contig_501364.fasta,0.02533076920487666,0.00012508938898410938,0.473357449741342,CM
,235560,Contig_546659.fasta,0.015967508588197572,4.8163950312897526e-05,0.4565013064090893,CM
,235560,Contig_990528.fasta,0.02531183666101543,0.0001324970817423751,0.47673340710067913,CM
,235560,Contig_371562.fasta,0.025188797740208557,0.00012987410403992222,0.47528068976060595,CM
,235560,Contig_423997.fasta,0.02764451896215917,0.0001504026099513652,0.47673340710067913,CM
,235560,Contig_57926.fasta,0.004909391797002721,3.160030912694561e-06,0.4075904521509726,CM
,235560,Contig_309752.fasta,0.004004109038313508,2.210660426509063e-06,0.38103732823234243,CM
,235560,Contig_57120.fasta,0.013889680597687339,3.410975706402988e-05,0.4520906657674556,CM
,235560,Contig_200999.fasta,0.010593364298083274,2.3049396555275283e-05,0.44457371883070457,CM
,235560,Contig_499237.fasta,0.007178331360643944,1.0531539281132269e-05,0.42888527870698123,CM
,235560,Contig_542386.fasta,0.002438987223111296,6.585616413321818e-07,0.3621624141403379,CM
,235560,Contig_131530.fasta,0.011373393008407692,2.485548813604061e-05,0.44584453460630447,CM
,235560,Contig_501205.fasta,0.027569839496073,0.00015404078118147767,0.4779508059952161,CM
,235560,Contig_2219.fasta,0.0,0.0,0.0,CM
,235560,Contig_139618.fasta,0.02773281680473151,0.0001536194130555511,0.4769763904885999,CM
,235560,Contig_549709.fasta,0.006189434416416595,5.10549175939774e-06,0.4170355071919042,CM
,235560,Contig_502136.fasta,0.02505508402406884,0.00012283863780047954,0.473357449741342,CM
,235560,Contig_132297.fasta,0.014611564738474036,3.943218177388201e-05,0.4518723699365684,CM
,235560,Contig_305531.fasta,0.0287257913133267,0.0001615558532221913,0.47770682906515216,CM
,235560,Contig_61421.fasta,0.026617111288416265,0.0001412031348293687,0.47624818225884635,CM
,235560,Contig_500205.fasta,0.006084600611768233,5.040263188459729e-06,0.41610834955030374,CM
,235560,Contig_59070.fasta,0.02642750328182599,0.0001380732592596023,0.47528068976060595,CM
,235560,Contig_929505.fasta,0.01755012391039442,6.142848235008337e-05,0.4637401774720679,CM
,235560,Contig_24570476.fasta,0.018321984154152128,6.433260027728706e-05,0.46259400797757444,CM
,235560,Contig_53402.fasta,0.018330193451532327,6.49998683444999e-05,0.4639700932764666,CM
,235560,Contig_53447.fasta,0.019946981865222486,7.934488993231352e-05,0.46721301954000655,CM
,235560,Contig_137449.fasta,0.008288778229696186,1.1508862894134408e-05,0.4312569945339323,CM
,235560,Contig_133990.fasta,0.0,0.0,0.0,CM
,235560,Contig_134851.fasta,0.02304368604930703,0.00010454281839890152,0.4724016547898198,CM
,235560,Contig_425439.fasta,0.019119038619461296,7.331280535436828e-05,0.46767999906978164,CM
,235560,Contig_131631.fasta,0.004831293562774814,4.5165564720376775e-06,0.41045073602571625,CM
,235560,Contig_1261393.fasta,0.013403219844845628,3.3520316208578836e-05,0.45450591458894274,CM
,235560,Contig_369735.fasta,0.011284058820711604,1.9523822442337354e-05,0.4418449849568617,CM
,235560,Contig_56198.fasta,0.024448559063549577,0.00012352463412730553,0.4755221941761347,CM
,235560,Contig_307546.fasta,0.004891130110801013,3.917389713063686e-06,0.40776805147652856,CM
,235560,Contig_303510.fasta,0.0012281651043778588,0.0,0.31841703917612557,CM
,235560,Contig_372408.fasta,0.0036293980130877135,2.366828243009784e-06,0.3902534103997636,CM
,235560,Contig_131842.fasta,0.005628342658753318,5.478022777828818e-06,0.41027079269558664,CM
,235560,Contig_368140.fasta,0.016292147268826242,5.237339054908132e-05,0.46122606118217496,CM
,235560,Contig_986732.fasta,0.016587322044731286,5.413358836668005e-05,0.46077187500671246,CM
,235560,Contig_302982.fasta,0.007253299679180169,9.407697510822246e-06,0.4277091764801797,CM
,235560,Contig_988949.fasta,0.015327215179412056,4.3147678152249354e-05,0.4562787314181536,CM
,235560,Contig_61678.fasta,0.026844737657463452,0.0001451368344221879,0.47673340710067913,CM
,235560,Contig_498868.fasta,0.014917533039975232,4.117247470438884e-05,0.45539059763437134,CM
,235560,Contig_1065964.fasta,0.0,0.0,0.0,CM
,235560,Contig_57454.fasta,0.024404248510118205,0.00012226498055341323,0.47479841610280726,CM
,235560,Contig_370810.fasta,0.01617875164362745,5.2740705195358475e-05,0.46054511719420915,CM
,235560,Contig_372325.fasta,0.02751155793050057,0.0001485737104191761,0.47624818225884635,CM
,235560,Contig_542961.fasta,0.0034664578615603444,1.9491871182946865e-06,0.38863275670209013,CM
,235560,Contig_58291.fasta,0.011820594872315718,3.0223524434597415e-05,0.45013356331824583,CM
,235560,Contig_555161.fasta,0.01709583642854864,5.8289705964571026e-05,0.46122606118217496,CM
,235560,Contig_711078.fasta,0.02339862567133391,0.00010580851549481994,0.4714497119086313,CM
,235560,Contig_502392.fasta,0.01432479532882302,4.044149223780028e-05,0.45806543227539553,CM
,235560,Contig_553434.fasta,0.014498130059623368,3.4555085953198034e-05,0.45406486081447506,CM
,235560,Contig_135566.fasta,0.0200359478535876,8.554612469062332e-05,0.47026516489378545,CM
,235560,Contig_201082.fasta,0.0166257328182713,5.5073450567841466e-05,0.4630517952195117,CM
,235560,Contig_544432.fasta,0.014238658115981562,3.990608954531918e-05,0.4551691041530317,CM
,235560,Contig_132870.fasta,0.010548654285457542,1.975250609432271e-05,0.44331012701972194,CM
,235560,Contig_553471.fasta,0.02104234934889444,9.368587420657053e-05,0.47073826868140495,CM
,235560,Contig_1037.fasta,0.0,0.0,0.0,CM
,235560,Contig_702135.fasta,0.015795115951943856,5.004851575543311e-05,0.4603185824587472,CM
,235560,Contig_61579.fasta,0.012383436838938224,2.796629956156606e-05,0.4484080872729435,CM
,235560,Contig_56384.fasta,0.023549011243384977,0.00010558566800250593,0.471925203297344,CM
,235560,Contig_371783.fasta,0.008867044160831242,1.551942691187763e-05,0.433454227947491,CM
,235560,Contig_303179.fasta,0.004809395505964709,3.3714998103387634e-06,0.40337399919768663,CM
,235560,Contig_370352.fasta,0.0163210817304348,5.0461102999999626e-05,0.46009227047130435,CM
,235560,Contig_422425.fasta,0.012818060944272933,3.146096928269492e-05,0.4510012906692208,CM
,235560,Contig_1063026.fasta,0.015143003762735776,4.437590444218301e-05,0.4562787314181536,CM
,235560,Contig_371407.fasta,0.02876865663225787,0.0001652866961881211,0.4781950322629704,CM
,235560,Contig_4902.fasta,0.02143946817039764,8.51368561640194e-05,0.4662818525852681,CM
,235560,Contig_4141.fasta,0.019631520309256266,7.558580878422186e-05,0.466746971640216,CM
,235560,Contig_53623.fasta,0.01734306955897139,5.6309677130719984e-05,0.4609988562259276,CM
,235560,Contig_992810.fasta,0.011514133693992446,2.4987049748515898e-05,0.44584453460630447,CM
,235560,Contig_544367.fasta,0.0013049953854960294,0.0,0.32595878723045385,CM
,235560,Contig_58581.fasta,0.01890144746739436,7.125090487925515e-05,0.46581765960111154,CM
,235560,Contig_58115.fasta,0.02184198119421624,9.318171569982003e-05,0.46955728958285653,CM
,235560,Contig_550017.fasta,0.004955167210699995,3.336107636465799e-06,0.4072357172056715,CM
,235560,Contig_368514.fasta,0.007027065580330311,7.520836110648254e-06,0.4249898629149106,CM
,235560,Contig_370392.fasta,0.02203339054155634,9.168555460883997e-05,0.4688515421536238,CM
,235560,Contig_208096.fasta,0.00482032103693082,3.532298366276283e-06,0.40547126435815994,CM
,235560,Contig_4205.fasta,0.0022999013200802236,7.332677034172484e-07,0.3577322928664499,CM
,235560,Contig_1064672.fasta,0.018165596407336962,6.767786492756406e-05,0.46512310046651745,CM
,235560,Contig_59251.fasta,0.0093703528839453,1.549458503288099e-05,0.43935571743597795,CM
,235560,Contig_3038.fasta,0.012995259016891544,3.119419797630037e-05,0.45296596231298797,CM
,235560,Contig_135971.fasta,0.02223623755814674,9.546847256038034e-05,0.47073826868140495,CM
,235560,Contig_502317.fasta,0.01030249740372443,2.1445605654246928e-05,0.44331012701972194,CM
,235560,Contig_61645.fasta,0.011757096970748943,2.6670749543154053e-05,0.44776443930078136,CM
,235560,Contig_62576.fasta,0.020810078605204237,8.314846235539336e-05,0.4669798793106951,CM
,235560,Contig_542533.fasta,0.0038197365092299436,1.7690389414481664e-06,0.3977168202884119,CM
,235560,Contig_131711.fasta,0.00963875249783282,1.6644188821705777e-05,0.43914954394116995,CM
,235560,Contig_422009.fasta,0.008384532760850086,1.3223516204410756e-05,0.43607999913263423,CM
,235560,Contig_62533.fasta,0.019616792685348824,7.022429753367203e-05,0.46512310046651745,CM
,235560,Contig_993317.fasta,0.027650999583697655,0.00015431612188773948,0.4774631010911394,CM
,235560,Contig_985521.fasta,0.0024195097974611737,6.799212413980191e-07,0.35924287068661537,CM
,235560,Contig_543303.fasta,0.013192697333994892,3.4491025649404156e-05,0.4534048828191052,CM
,235560,Contig_929538.fasta,0.01146327188554459,2.6513704110006657e-05,0.4471226364733077,CM
,235560,Contig_542346.fasta,0.0,0.0,0.0,CM
,235560,Contig_58424.fasta,0.006049231286436772,7.223462382761982e-06,0.42003037618430566,CM
,235560,Contig_797832.fasta,0.01996640393453432,7.903245666082666e-05,0.4681479130258295,CM
,235560,Contig_368823.fasta,0.024292524469282192,0.0001145428667522503,0.4724016547898198,CM
,235560,Contig_548470.fasta,0.004659098799871359,3.1390697174879082e-06,0.4045947592471392,CM
,235560,Contig_57574.fasta,0.027834970071233624,0.00015382315617994195,0.4772196216923167,CM
,235560,Contig_988707.fasta,0.024058583170245534,0.00011923877431299034,0.47407683796283334,CM
,235560,Contig_421262.fasta,0.02141870187083721,9.150821303571361e-05,0.47073826868140495,CM
,235560,Contig_985249.fasta,0.013320390308905201,3.608437935257972e-05,0.4562787314181536,CM
,235560,Contig_371975.fasta,0.014932003831366678,3.937768610700027e-05,0.4518723699365684,CM
,235560,Contig_56531.fasta,0.02160340599664204,9.656826923400251e-05,0.471925203297344,CM
,235560,Contig_1063517.fasta,0.01631427784057304,4.8007907054426384e-05,0.4582897542304766,CM
,235560,Contig_990987.fasta,0.020883654575727825,8.513211014298543e-05,0.46838222129060714,CM
,235560,Contig_993626.fasta,0.014636719337254836,4.222551350831694e-05,0.45561230678609205,CM
,235560,Contig_542496.fasta,0.004723842647476456,4.041015191381103e-06,0.4011263086749392,CM
,235560,Contig_372104.fasta,0.025227371817937754,0.0001247300160056504,0.4735970031065957,CM
,235560,Contig_131548.fasta,0.013248661583128226,3.468039969790439e-05,0.453185316289895,CM
,235560,Contig_308042.fasta,0.011722645096450702,2.487230238526466e-05,0.44776443930078136,CM
,235560,Contig_421163.fasta,0.004547667248021727,2.998120169385035e-06,0.39636919870336007,CM
,235560,Contig_54197.fasta,0.015276680716079873,4.2563735494112316e-05,0.45605637336190696,CM
,235560,Contig_990000.fasta,0.022494625719579865,9.630699141803946e-05,0.4700289694317595,CM
,235560,Contig_369631.fasta,0.019619977338077618,7.191504765160203e-05,0.4660496405072874,CM
,235560,Contig_543552.fasta,0.0173877963512722,5.7401182545659335e-05,0.4616811436303074,CM
,235560,Contig_542517.fasta,0.018933358588190945,6.594109985596989e-05,0.46351048941982814,CM
,235560,Contig_131735.fasta,0.011964931399017473,2.707544027656781e-05,0.4497009505711836,CM
,235560,Contig_5549.fasta,0.010300006161836479,2.2224051681115356e-05,0.442681020879202,CM
,235560,Contig_501494.fasta,0.013803300930195989,3.667101036624065e-05,0.45384465477140307,CM
,235560,Contig_1062303.fasta,0.020846751093195146,8.311217953065323e-05,0.46791383906931655,CM
,235560,Contig_368159.fasta,0.008815859309983555,1.1905256220462467e-05,0.43567396561388877,CM
,235560,Contig_1199449.fasta,0.013059916899042191,3.154829569139391e-05,0.45035018197239324,CM
,235560,Contig_704055.fasta,0.015507252418186826,4.924847212081204e-05,0.46145349020642656,CM
,235560,Contig_55016.fasta,0.008352192058659686,1.1902565023835828e-05,0.43026559914419915,CM
,235560,Contig_54053.fasta,0.007133542901890435,7.816379595996933e-06,0.4255696580894193,CM
,235560,Contig_546419.fasta,0.010172434764418797,1.6618280571808912e-05,0.4379165550484947,CM
,235560,Contig_59189.fasta,0.024059959270123516,0.00010798812581414729,0.47168733777148847,CM
,235560,Contig_59558.fasta,0.007282896354113064,9.43590905208768e-06,0.4271235409122013,CM
,235560,Contig_546876.fasta,0.0038617734064466747,2.3600311241840845e-06,0.3995848326808852,CM
,235560,Contig_548299.fasta,0.019864826153244548,7.991028916181831e-05,0.4688515421536238,CM
,235560,Contig_60525.fasta,0.010210598620562039,1.90948164797099e-05,0.44080437029610603,CM
,235560,Contig_550033.fasta,0.0010177089436524934,0.0,0.2994648570043626,CM
,235560,Contig_208849.fasta,0.0196014934503596,7.725825746605885e-05,0.4660496405072874,CM
,235560,Contig_57061.fasta,0.02100278032315884,9.235003824064417e-05,0.47026516489378545,CM
,235560,Contig_1062496.fasta,0.01799901165927785,6.211126234860988e-05,0.4639700932764666,CM
,235560,Contig_303608.fasta,0.014412724019900085,3.9432451477981375e-05,0.4567240986523344,CM
,235560,Contig_420777.fasta,0.019789222085291585,7.711894424305216e-05,0.46767999906978164,CM
,235560,Contig_1063002.fasta,0.01947601288650669,8.066743688284428e-05,0.4681479130258295,CM
,235560,Contig_54352.fasta,0.002258050043790423,5.061722044513867e-07,0.35155059283945644,CM
,235560,Contig_1063047.fasta,0.004925729926057613,4.572322935625943e-06,0.4100910070721442,CM
,235560,Contig_53607.fasta,0.021940559508092806,9.940660706625934e-05,0.471925203297344,CM
,235560,Contig_372120.fasta,0.02191505351571993,9.403332095083615e-05,0.470501597857533,CM
,235560,Contig_549384.fasta,0.022298027979807254,9.975688417533833e-05,0.47168733777148847,CM
,235560,Contig_1061993.fasta,0.01996871192168966,8.056720524580012e-05,0.46767999906978164,CM
,235560,Contig_553689.fasta,0.0070855623292202475,1.0632739220709363e-05,0.429475758668487,CM
,235560,Contig_990531.fasta,0.024034831180484093,0.00011279640165122574,0.4721633088489572,CM
,235560,Contig_554020.fasta,0.014066002888258744,3.52153520114644e-05,0.4527468205798902,CM
,235560,Contig_502647.fasta,0.013117494994224831,2.8769650106838715e-05,0.44905358835826925,CM
,235560,Contig_135462.fasta,0.009294386906304882,1.4412345228869841e-05,0.43506633107328363,CM
,235560,Contig_1063919.fasta,0.014173307643164712,3.9398029918040984e-05,0.4542852806498219,CM
,235560,Contig_372299.fasta,0.011853726312309649,2.647493852761806e-05,0.4492691685735156,CM
,235560,Contig_622402.fasta,0.022125919901320897,9.352197677610373e-05,0.4700289694317595,CM
,235560,Contig_1065023.fasta,0.021030761254503445,8.658024895503817e-05,0.46932180448276484,CM
,235560,Contig_552588.fasta,0.008305175417935634,1.195490487048277e-05,0.4296729468037801,CM
,235560,Contig_367957.fasta,0.014394026902756808,4.542722924464771e-05,0.46145349020642656,CM
,235560,Contig_308367.fasta,0.02354802580372411,0.0001057779771454103,0.47097517772452596,CM
,235560,Contig_59368.fasta,0.025014017614644113,0.00012808212083436466,0.4750394305272249,CM
,235560,Contig_705620.fasta,0.02006416622911999,8.176546494352132e-05,0.46908655545796146,CM
,235560,Contig_305590.fasta,0.022587893221204233,9.857079570162383e-05,0.47073826868140495,CM
,235560,Contig_554364.fasta,0.012698476007101564,2.9896151950694133e-05,0.44862304800509734,CM
,235560,Contig_502546.fasta,0.013954237832396342,3.750829227589091e-05,0.45384465477140307,CM
,235560,Contig_985191.fasta,0.015937709048874857,4.6348460802382116e-05,0.45986618090350523,CM
,235560,Contig_425799.fasta,0.025487389818123735,0.00013075461087666367,0.47528068976060595,CM
,235560,Contig_368001.fasta,0.01753545001230459,5.691021198222431e-05,0.4632810287815015,CM
,235560,Contig_501675.fasta,0.020658752925709626,8.026253328412972e-05,0.46581765960111154,CM
,235560,Contig_62362.fasta,0.013983455939930235,4.027997074543089e-05,0.45806543227539553,CM
,235560,Contig_60857.fasta,0.014700114775983559,4.063122636371172e-05,0.45806543227539553,CM
,235560,Contig_202275.fasta,0.012338978230543437,2.765131504819027e-05,0.4469091108589461,CM
,235560,Contig_131650.fasta,0.022137613781562576,9.300352837499541e-05,0.46979301111377164,CM
,235560,Contig_542472.fasta,0.006145433149221736,6.693784430005764e-06,0.42040776196704094,CM
,235560,Contig_547680.fasta,0.009744432638247135,1.606321547769796e-05,0.44018235095890546,CM
,235560,Contig_499586.fasta,0.006049303731122716,5.343419076161893e-06,0.41815356485193617,CM
,235560,Contig_136305.fasta,0.02257075512502059,0.00010189836112799638,0.47168733777148847,CM
,235560,Contig_369711.fasta,0.013905785959479217,3.8285376661393275e-05,0.4562787314181536,CM
,235560,Contig_61741.fasta,0.02210022027936142,9.570980834041269e-05,0.46979301111377164,CM
,235560,Contig_498586.fasta,0.02342468773804619,0.00010851952080964072,0.4721633088489572,CM
,235560,Contig_138210.fasta,0.0025042008663569656,7.327479536941389e-07,0.36699124632887575,CM
,235560,Contig_1522.fasta,0.004418378351013788,3.3220761899685172e-06,0.3938668679034651,CM
,235560,Contig_54173.fasta,0.0021788754865539506,5.389810580904752e-07,0.3512866659679553,CM
,235560,Contig_58478.fasta,0.011248428231402754,2.4076822049510217e-05,0.4420536977508895,CM
,235560,Contig_2611.fasta,0.021026577468522607,8.87831510549468e-05,0.46908655545796146,CM
,235560,Contig_547115.fasta,0.02433579233298578,0.00012141206328768828,0.4735970031065957,CM
,235560,Contig_368410.fasta,0.01987039495755632,7.776019797393526e-05,0.46721301954000655,CM
,235560,Contig_547150.fasta,0.010892287062692454,2.2924950136456647e-05,0.4481933324418741,CM
,235560,Contig_550156.fasta,0.01840257612487849,6.95831099616212e-05,0.4660496405072874,CM
,235560,Contig_60405.fasta,0.019348517112823715,7.148837131317414e-05,0.4639700932764666,CM
,235560,Contig_59852.fasta,0.028892089780020173,0.00016695002795587204,0.478439508250835,CM
,235560,Contig_985114.fasta,0.015521361750688198,4.5788678487931084e-05,0.4585142960012901,CM
,235560,Contig_502586.fasta,0.018696638788255848,6.431553481185795e-05,0.46145349020642656,CM
,235560,Contig_201696.fasta,0.006950235014245983,7.371364760941031e-06,0.4230685705870855,CM
,235560,Contig_56590.fasta,0.011658657659622835,2.723058707575943e-05,0.449484955878306,CM
,235560,Contig_369378.fasta,0.022548901341753247,9.851684042721575e-05,0.47097517772452596,CM
,235560,Contig_424031.fasta,0.025328984286645925,0.00012209501967125824,0.4731181385938489,CM
,235560,Contig_549045.fasta,0.0,0.0,0.0,CM
,235560,Contig_138952.fasta,0.018777184134240444,6.94930284598111e-05,0.46581765960111154,CM
,235560,Contig_500549.fasta,0.016295504319191658,4.955352540095345e-05,0.4594146677165602,CM
,235560,Contig_54272.fasta,0.019640083999396377,7.373178637983285e-05,0.46535438992473055,CM
,235560,Contig_53762.fasta,0.020939397529087043,8.198073598723707e-05,0.46791383906931655,CM
,235560,Contig_57141.fasta,0.003756436105054235,1.5468222382484658e-06,0.39370116875836475,CM
,235560,Contig_420657.fasta,0.0,0.0,0.0,CM
,235560,Contig_804876.fasta,0.020289860116456056,8.200837907012496e-05,0.46767999906978164,CM
,235560,Contig_367997.fasta,0.00958246406228735,1.7173858026738577e-05,0.4381215721622814,CM
,235560,Contig_54093.fasta,0.021299312435851217,8.41082334030521e-05,0.46838222129060714,CM
,235560,Contig_985009.fasta,0.0036607699043002214,2.1500573366043874e-06,0.39041621949880395,CM
,235560,Contig_209831.fasta,0.018007861176879306,6.45230573453913e-05,0.46512310046651745,CM
,235560,Contig_59149.fasta,0.028689378085119822,0.000162125963212572,0.4779508059952161,CM
,235560,Contig_54407.fasta,0.016501512397935725,5.282216823185478e-05,0.4623654536258069,CM
,235560,Contig_305408.fasta,0.011236700029128287,2.241755497237777e-05,0.44163646915461685,CM
,235560,Contig_501379.fasta,0.017713031521543333,6.19988900718375e-05,0.4632810287815015,CM
,235560,Contig_55093.fasta,0.01855203359512484,6.506789526122741e-05,0.46259400797757444,CM
,235560,Contig_806573.fasta,0.013015232711328682,3.4019964839437e-05,0.45384465477140307,CM
,235560,Contig_60235.fasta,0.028044757062691317,0.00015570317269585394,0.4774631010911394,CM
,235560,Contig_501085.fasta,0.0011592729752886643,0.0,0.3116309284510933,CM
,235560,Contig_302635.fasta,0.017882849582130333,6.082162992634976e-05,0.4621371250067324,CM
,235560,Contig_213217.fasta,0.0013508827791821022,0.0,0.3311492137787095,CM
,235560,Contig_204678.fasta,0.0012968198354537204,0.0,0.3243770114865279,CM
,235560,Contig_498809.fasta,0.026429925810879936,0.00014274973512695918,0.47673340710067913,CM
,235560,Contig_134968.fasta,0.011616328066274205,2.4187722668271278e-05,0.44776443930078136,CM
,235560,Contig_555569.fasta,0.005572731081062847,4.502133687581194e-06,0.40883690613308565,CM
,235560,Contig_420323.fasta,0.0037699025680918365,1.979134896472723e-06,0.394531061609879,CM
,235560,Contig_7.fasta,0.0011878434094677941,0.0,0.31403613360356813,CM
,235560,Contig_370077.fasta,0.02443683438768174,0.00011626921205694967,0.473357449741342,CM
,235560,Contig_24574329.fasta,0.015464647975556023,4.8920793066167946e-05,0.46077187500671246,CM
,235560,Contig_207266.fasta,0.023263308986441713,0.00010455858594875162,0.47168733777148847,CM
,235560,Contig_499722.fasta,0.015202865518330418,4.943420483297279e-05,0.4594146677165602,CM
,235560,Contig_1201189.fasta,0.023110458891672365,0.0001100614363244649,0.473357449741342,CM
,235560,Contig_500710.fasta,0.023152836001932423,0.00010247476650093623,0.47097517772452596,CM
,235560,Contig_135292.fasta,0.01931201148817363,7.364718998335303e-05,0.46558590952170803,CM
,235560,Contig_204110.fasta,0.0,0.0,0.0,CM
,235560,Contig_500384.fasta,0.02876270174414407,0.0001647015703070411,0.4779508059952161,CM
,235560,Contig_4002.fasta,0.0012325966343129174,0.0,0.31939511199270754,CM
,235560,Contig_421610.fasta,0.005833509065398023,4.642374684162041e-06,0.4137169222540376,CM
,235560,Contig_138156.fasta,0.02114610394547056,9.283780580964527e-05,0.4714497119086313,CM
,235560,Contig_792548.fasta,0.014109025427222829,3.919824950155569e-05,0.45806543227539553,CM
,235560,Contig_131553.fasta,0.004426757938731045,3.0864173623737252e-06,0.3956988068239463,CM
,235560,Contig_368086.fasta,0.007194248205730268,8.411291257946363e-06,0.4273185744925265,CM
,235560,Contig_544261.fasta,0.004576220628390372,3.01404243717869e-06,0.3992438899908844,CM
,235560,Contig_796891.fasta,0.01772755284429878,6.0298064330531785e-05,0.4644306094980809,CM
,235560,Contig_137006.fasta,0.0024560928107423847,5.005296560487006e-07,0.3621624141403379,CM
,235560,Contig_546911.fasta,0.001187519933579909,0.0,0.31541209239589924,CM
,235560,Contig_369838.fasta,0.010168436482568967,1.939042406234295e-05,0.4381215721622814,CM
,235560,Contig_426807.fasta,0.022362971462462758,9.948386281932172e-05,0.47097517772452596,CM
,235560,Contig_54932.fasta,0.021666546506467977,9.421169317635645e-05,0.4700289694317595,CM
,235560,Contig_931789.fasta,0.004821562554977952,2.7905270137009933e-06,0.40233348157292914,CM
,235560,Contig_1064731.fasta,0.008931201859715064,1.4335959704086143e-05,0.43285276509650006,CM
,235560,Contig_135719.fasta,0.01633857936174591,5.2221902113950205e-05,0.4591892434438828,CM
,235560,Contig_499678.fasta,0.0,0.0,0.0,CM
,235560,Contig_542470.fasta,0.02082645165287852,8.337545770588268e-05,0.4681479130258295,CM
,235560,Contig_368756.fasta,0.0070915851403688486,9.38819694907845e-06,0.4290819248686993,CM
,235560,Contig_420279.fasta,0.009602576346497459,1.8801894616693326e-05,0.4410121009135877,CM
,235560,Contig_993254.fasta,0.022496653295828988,9.934944026368013e-05,0.4714497119086313,CM
,235560,Contig_985217.fasta,0.01919495988894365,7.243131659682213e-05,0.46721301954000655,CM
,235560,Contig_61392.fasta,0.010849354477822013,2.1680574815865383e-05,0.43935571743597795,CM
,235560,Contig_502254.fasta,0.01675994251249927,5.430841068607145e-05,0.4616811436303074,CM
,235560,Contig_500961.fasta,0.02559936645994957,0.00012906962778610985,0.4745576461149255,CM
,235560,Contig_544966.fasta,0.0038068129989092116,2.39720745406949e-06,0.39754786666891806,CM
,235560,Contig_133780.fasta,0.015911914101492987,4.8224405560980575e-05,0.457617446522559,CM
,235560,Contig_62691.fasta,0.01292153409255077,3.244304561717327e-05,0.45143641010064306,CM
,235560,Contig_368166.fasta,0.014515756028347286,4.136448741031537e-05,0.4567240986523344,CM
,235560,Contig_429761.fasta,0.0024621639691402336,4.5794791876139295e-07,0.3651298002881908,CM
,235560,Contig_302536.fasta,0.017942232872124743,5.83627451990742e-05,0.45986618090350523,CM
,235560,Contig_987380.fasta,0.019909791483047327,7.612099328817935e-05,0.4669798793106951,CM
,235560,Contig_554697.fasta,0.0,0.0,0.0,CM
,235560,Contig_549533.fasta,0.01995877970557522,7.884283124534808e-05,0.4681479130258295,CM
,235560,Contig_3825.fasta,0.0022618748032938282,4.475460678542075e-07,0.35300930899231725,CM
,235560,Contig_43.fasta,0.0023043328500152818,6.432583089972504e-07,0.3559633617872321,CM
,235560,Contig_542528.fasta,0.012754730573563165,3.2760801899403886e-05,0.45013356331824583,CM
,235560,Contig_993798.fasta,0.024238560411044482,0.00011684835013949765,0.473357449741342,CM
,235560,Contig_24569072.fasta,0.007339441082552989,8.689575892224568e-06,0.4292787514397399,CM
,235560,Contig_545414.fasta,0.0024044619008183657,6.336895616628924e-07,0.36048831977605283,CM
,235560,Contig_53638.fasta,0.01613482264864825,5.059825341924108e-05,0.4585142960012901,CM
,235560,Contig_137636.fasta,0.009159507076785997,1.3112175593209297e-05,0.43225296911715155,CM
,235560,Contig_59666.fasta,0.0035836098375885794,1.8078379691770145e-06,0.3894413974775835,CM
,235560,Contig_302672.fasta,0.019200997848056678,7.713538328303475e-05,0.46838222129060714,CM
,235560,Contig_310012.fasta,0.0037070740333706126,2.2051149307586912e-06,0.39436480326111806,CM
,235560,Contig_795668.fasta,0.016424208200754103,5.281262280639001e-05,0.46009227047130435,CM
,235560,Contig_372002.fasta,0.010286756870533192,2.035976117169628e-05,0.4420536977508895,CM
,235560,Contig_309907.fasta,0.025040790961382765,0.00012820047166162816,0.4745576461149255,CM
,235560,Contig_2477.fasta,0.012121640067899106,2.4618448910271505e-05,0.44776443930078136,CM
,235560,Contig_327.fasta,0.007236400330595781,9.732232389870064e-06,0.43006786679165127,CM
,235560,Contig_139033.fasta,0.020487409850015226,8.696926522382794e-05,0.47026516489378545,CM
,235560,Contig_993758.fasta,0.026695792522735653,0.00014265212410950154,0.47600594005016944,CM
,235560,Contig_56026.fasta,0.010294310380372915,1.4811733658451957e-05,0.43607999913263423,CM
,235560,Contig_1395.fasta,0.0034458934532582168,1.7005935571931636e-06,0.38041775534090777,CM
,235560,Contig_543139.fasta,0.011676400388262505,2.8114483337583785e-05,0.4497009505711836,CM
,235560,Contig_626881.fasta,0.00820736607087337,1.2604871434731999e-05,0.433454227947491,CM
,235560,Contig_1270016.fasta,0.0,0.0,0.0,CM
,235560,Contig_55438.fasta,0.014127685442112866,3.807481718610254e-05,0.45035018197239324,CM
,235560,Contig_501797.fasta,0.011054343035846419,2.3896617918202533e-05,0.449484955878306,CM
,235560,Contig_5266.fasta,0.022167697108910416,9.582400008980641e-05,0.4700289694317595,CM
,235560,Contig_1065654.fasta,0.0023285843594284855,6.069558974874325e-07,0.35704985812233236,CM
,235560,Contig_420474.fasta,0.0025834794134950195,9.162936804549132e-07,0.37298831332747434,CM
,235560,Contig_53541.fasta,0.0,0.0,0.0,CM
,235560,Contig_54857.fasta,0.00334817171669116,1.6910593295421936e-06,0.3802631768137477,CM
,235560,Contig_53504.fasta,0.017301706034832595,5.3214815874392476e-05,0.4589640402837828,CM
,235560,Contig_426927.fasta,0.02059008050721033,7.932866991562702e-05,0.46581765960111154,CM
,235560,Contig_987729.fasta,0.009950306119860669,1.9780385422456666e-05,0.44436262019878114,CM
,235560,Contig_498389.fasta,0.021932265889822892,9.914306265952951e-05,0.4714497119086313,CM
,235560,Contig_544728.fasta,0.021875680671258006,9.23610218831055e-05,0.46955728958285653,CM
,235560,Contig_137227.fasta,0.013258203451596893,3.235954222232718e-05,0.4527468205798902,CM
,235560,Contig_544635.fasta,0.009127060922866732,1.6557032522688618e-05,0.4379165550484947,CM
,235560,Contig_498294.fasta,0.008576037636248491,1.4331997109181167e-05,0.4399754010994984,CM
,235560,Contig_54109.fasta,0.012670921895414298,3.0164757277655583e-05,0.45252789078270456,CM
,235560,Contig_53419.fasta,0.01866876030251019,6.53900480430974e-05,0.4632810287815015,CM
,235560,Contig_62325.fasta,0.002428780040418957,8.045023228966167e-07,0.3634282245198575,CM
,235560,Contig_622395.fasta,0.023137392132581956,0.00010814147011465268,0.4724016547898198,CM
,235560,Contig_60482.fasta,0.017734004945745615,6.168894904343704e-05,0.46466121059515053,CM
,235560,Contig_420569.fasta,0.004882749885900886,2.637480992408142e-06,0.4045947592471392,CM
,235560,Contig_368046.fasta,0.01638498767450538,5.1781687922190333e-05,0.4591892434438828,CM
,235560,Contig_1062259.fasta,0.0036471848932875936,1.9030473530159695e-06,0.3902534103997636,CM
,235560,Contig_499294.fasta,0.02233070434531407,0.0001009637930564843,0.4721633088489572,CM
,235560,Contig_548087.fasta,0.011958093659136826,2.5093938727767013e-05,0.44905358835826925,CM
,235560,Contig_5087.fasta,0.0024472667472009795,7.763954721177456e-07,0.3677122507420955,CM
,235560,Contig_1064064.fasta,0.0010717362157023648,0.0,0.3037415378573947,CM
,235560,Contig_54661.fasta,0.022335063621782014,9.824194860337769e-05,0.4714497119086313,CM
,235560,Contig_990919.fasta,0.009297448580012566,1.5946725215747497e-05,0.43914954394116995,CM
,235560,Contig_61352.fasta,0.023573998855678617,0.00011483131656469853,0.4745576461149255,CM
,235560,Contig_555022.fasta,0.003583621485772563,2.1678183657658697e-06,0.3862268584971659,CM
,235560,Contig_57616.fasta,0.02208366883818222,9.629004884853427e-05,0.46908655545796146,CM
,235560,Contig_370211.fasta,0.011685570875858572,2.7153754387717505e-05,0.44862304800509734,CM
,235560,Contig_1067056.fasta,0.012907728038770331,3.0064067443324666e-05,0.45013356331824583,CM
,235560,Contig_56653.fasta,0.018404958692733814,7.15371171352872e-05,0.4669798793106951,CM
,235560,Contig_992350.fasta,0.015371568178237406,4.6472235116658556e-05,0.46009227047130435,CM
,235560,Contig_61602.fasta,0.002259579625170159,5.654341738595845e-07,0.3503660344959315,CM
,235560,Contig_135130.fasta,0.017890704701916713,6.151190144253848e-05,0.4639700932764666,CM
,235560,Contig_1063408.fasta,0.021734059364783554,9.771894684737679e-05,0.4714497119086313,CM
,235560,Contig_206987.fasta,0.0021239150790164875,5.584083997551777e-07,0.348539172491111,CM
,235560,Contig_1309.fasta,0.0,0.0,0.0,CM
,235560,Contig_542531.fasta,0.002202320404659219,5.598130740386027e-07,0.3497113894389511,CM
,235560,Contig_552864.fasta,0.0084576554632493,1.4221010572509671e-05,0.43607999913263423,CM
,235560,Contig_420338.fasta,0.017301046335021563,5.966477585015403e-05,0.4621371250067324,CM
,235560,Contig_55389.fasta,0.005515596065425917,4.681262607883993e-06,0.4093734375059637,CM
,235560,Contig_427105.fasta,0.007957461599623435,1.1641798164992769e-05,0.4304635134032351,CM
,235560,Contig_542688.fasta,0.012156154952533676,2.6691655717593964e-05,0.4488382149345962,CM
,235560,Contig_544398.fasta,0.0013508827791821022,0.0,0.3311492137787095,CM
,235560,Contig_498739.fasta,0.01431311638570903,3.928901157345702e-05,0.4565013064090893,CM
,235560,Contig_54075.fasta,0.0,0.0,0.0,CM
,235560,Contig_56346.fasta,0.018881247426169666,7.497178407045502e-05,0.46767999906978164,CM
,235560,Contig_203889.fasta,0.004744644540678345,3.6276447765586767e-06,0.4061752075254484,CM
,235560,Contig_500327.fasta,0.02010196094932547,7.592745029207711e-05,0.4662818525852681,CM
,235560,Contig_544365.fasta,0.0,0.0,0.0,CM
,235560,Contig_369516.fasta,0.01900575942235266,7.249731074211477e-05,0.466746971640216,CM
,235560,Contig_547013.fasta,0.002447327219749542,7.931001905924349e-07,0.36441887777984155,CM
,235560,Contig_542675.fasta,0.020121742718505743,8.639060637110536e-05,0.470501597857533,CM
,235560,Contig_368516.fasta,0.01635894826951648,5.390215428201396e-05,0.46122606118217496,CM
,235560,Contig_58954.fasta,0.02357613032480321,0.00010903598128168533,0.471925203297344,CM
,235560,Contig_24576300.fasta,0.025782301971587526,0.0001365532201997927,0.47600594005016944,CM
,235560,Contig_994229.fasta,0.004608726162030224,3.283735952453306e-06,0.40009733994811164,CM
,235560,Contig_132049.fasta,0.017454986577880766,5.6983466045085654e-05,0.46054511719420915,CM
,235560,Contig_56047.fasta,0.016599272500117692,5.591741278729344e-05,0.4616811436303074,CM
,235560,Contig_549900.fasta,0.022331819381264516,9.129475476329656e-05,0.46861676421564,CM
,235560,Contig_56804.fasta,0.018362278955946464,6.688998519244113e-05,0.4639700932764666,CM
,235560,Contig_1760.fasta,0.0012319898638812647,0.0,0.31830873406075955,CM
,235560,Contig_2226.fasta,0.007977590531687461,1.3349759084453791e-05,0.43265264823792565,CM
,235560,Contig_548773.fasta,0.0035333973903295384,1.227428461355841e-06,0.3854314984096512,CM
,235560,Contig_1123947.fasta,0.02283044939660219,0.000110863259238379,0.4735970031065957,CM
,235560,Contig_6091.fasta,0.020723333513184474,8.433108673230691e-05,0.4669798793106951,CM
,235560,Contig_4736.fasta,0.0194851500185423,7.715638759245487e-05,0.4674463926766399,CM
,235560,Contig_810436.fasta,0.02361902159311427,0.00011268543909319917,0.47407683796283334,CM
,235560,Contig_53485.fasta,0.002166755351937371,3.7958682175890593e-07,0.3487989855157037,CM
,235560,Contig_53779.fasta,0.020955110160324267,8.541056819557154e-05,0.4688515421536238,CM
,235560,Contig_54269.fasta,0.022379331171162645,9.46234941899374e-05,0.46979301111377164,CM
,235560,Contig_135095.fasta,0.021499810758149152,0.00010057188614008053,0.47168733777148847,CM
,235560,Contig_543843.fasta,0.002443370606594441,3.4757825260906476e-07,0.36385212991393195,CM
,235560,Contig_555043.fasta,0.00920477443580198,1.948446037188583e-05,0.4435202266059872,CM
,235560,Contig_62494.fasta,0.014124033717849054,3.6670770958463905e-05,0.45539059763437134,CM
,235560,Contig_58762.fasta,0.019500862851685667,6.795806426816814e-05,0.46351048941982814,CM
,235560,Contig_499560.fasta,0.013694053793889672,3.43838591391128e-05,0.4512187454863226,CM
,235560,Contig_1065040.fasta,0.008446059541711105,1.27982795757667e-05,0.43225296911715155,CM
,235560,Contig_24574502.fasta,0.004609690778050768,4.280316620972338e-06,0.40302656250587127,CM
,235560,Contig_55294.fasta,0.01996601787896053,7.673441712919571e-05,0.4660496405072874,CM
,235560,Contig_208230.fasta,0.026484186510238462,0.00013582174388726946,0.47479841610280726,CM
,235560,Contig_367971.fasta,0.013456726481853266,3.3939531319494994e-05,0.4510012906692208,CM
,235560,Contig_4437.fasta,0.0,0.0,0.0,CM
,235560,Contig_138526.fasta,0.0011345247246290708,0.0,0.3080407103813802,CM
,235560,Contig_138563.fasta,0.02661923505972289,0.00013945133288008688,0.4755221941761347,CM
,235560,Contig_371134.fasta,0.017438081092431137,6.1033402330035224e-05,0.4623654536258069,CM
,235560,Contig_54294.fasta,0.025342136614748195,0.00012226423902058096,0.47287906929693435,CM
,235560,Contig_59426.fasta,0.009278536333376542,1.637285424253319e-05,0.4385321828203529,CM
,235560,Contig_502560.fasta,0.002416008513845653,7.499930399333193e-07,0.3639936515513936,CM
,235560,Contig_201670.fasta,0.01743750567032835,6.484617026681265e-05,0.464200237171941,CM
,235560,Contig_132684.fasta,0.02188325633921872,9.465167847225924e-05,0.47026516489378545,CM
,235560,Contig_542344.fasta,0.00562206072538083,4.751456071712249e-06,0.4113528255554431,CM
,235560,Contig_545654.fasta,0.019515484173640334,7.087593665116887e-05,0.464200237171941,CM
,235560,Contig_499661.fasta,0.0,0.0,0.0,CM
,235560,Contig_368062.fasta,0.017546750190596084,6.076610007147088e-05,0.4630517952195117,CM
,235560,Contig_133992.fasta,0.008138197644843729,1.3189050969283978e-05,0.43265264823792565,CM
,235560,Contig_131676.fasta,0.019817934027155027,7.808740392532899e-05,0.46908655545796146,CM
,235560,Contig_134010.fasta,0.018312557819828323,6.843834517419603e-05,0.46489204080408997,CM
,235560,Contig_548898.fasta,0.0200555036069197,7.796128387158861e-05,0.466746971640216,CM
,235560,Contig_421218.fasta,0.0,0.0,0.0,CM
,235560,Contig_56266.fasta,0.018508471262962744,6.360594424393066e-05,0.4637401774720679,CM
,235560,Contig_791989.fasta,0.009525780003885702,1.61401324709939e-05,0.4389435638548935,CM
,235560,Contig_167.fasta,0.0025561391991395315,6.737100185312216e-07,0.3696001888383227,CM
,235560,Contig_131918.fasta,0.014214908101185053,3.673423552365958e-05,0.45362466220971065,CM
,235560,Contig_545669.fasta,0.014798144251589701,4.2123066990512384e-05,0.45605637336190696,CM
,235560,Contig_309414.fasta,0.0227621132454467,0.00010068125466012569,0.47073826868140495,CM
,235560,Contig_60809.fasta,0.01726738282986328,5.952059172013094e-05,0.4621371250067324,CM
,235560,Contig_55579.fasta,0.010701285912507255,2.2346449772565545e-05,0.44669578908765306,CM
,235560,Contig_134354.fasta,0.011572315647458455,3.068148030689588e-05,0.4510012906692208,CM
,235560,Contig_302825.fasta,0.016794319435550032,5.6405093558294886e-05,0.4632810287815015,CM
,235560,Contig_543384.fasta,0.0037236869239484368,1.533504219899496e-06,0.39139593397684364,CM
,235560,Contig_553243.fasta,0.013048812360391434,3.60727371888593e-05,0.4542852806498219,CM
,235560,Contig_985177.fasta,0.011789980495755373,2.454643780839383e-05,0.44733636622305595,CM
,235560,Contig_551170.fasta,0.014106621128994593,3.873050104742942e-05,0.45384465477140307,CM
,235560,Contig_544200.fasta,0.010011696135885857,1.922430906281401e-05,0.44018235095890546,CM
,235560,Contig_1066727.fasta,0.012648241328880525,2.8780821757389724e-05,0.44905358835826925,CM
,235560,Contig_623419.fasta,0.007126231662056853,9.303556790855083e-06,0.42829642020074743,CM
,235560,Contig_54254.fasta,0.020895653408361213,8.433437766720858e-05,0.4674463926766399,CM
,235560,Contig_53744.fasta,0.017390648468590172,5.721676599010074e-05,0.4619090217860973,CM
,235560,Contig_548820.fasta,0.0012281651043778588,0.0,0.31841703917612557,CM
,235560,Contig_422193.fasta,0.026678966661855378,0.00013740879740353166,0.47528068976060595,CM
,235560,Contig_56712.fasta,0.012971545501826337,3.3260183654266725e-05,0.4523091726141291,CM
,235560,Contig_56757.fasta,0.0046043575574963545,3.7170530103755286e-06,0.3990736367328926,CM
,235560,Contig_1833.fasta,0.020288498166272022,8.145055470657841e-05,0.46791383906931655,CM
,235560,Contig_542648.fasta,0.002259256149282274,6.792323012695694e-07,0.35234475833532874,CM
,235560,Contig_372026.fasta,0.02000797200240014,7.581814743185446e-05,0.4665142961807742,CM
,235560,Contig_370350.fasta,0.01343477479212192,3.28817571643087e-05,0.4547267629439422,CM
,235560,Contig_985396.fasta,0.018088744564189452,5.934675366838711e-05,0.4609988562259276,CM
,235560,Contig_543120.fasta,0.0023665145885103356,3.968461761990303e-07,0.3558280145013814,CM
,235560,Contig_992741.fasta,0.019768178880558145,7.463836256466584e-05,0.4662818525852681,CM
,235560,Contig_54798.fasta,0.021820870235547126,9.570625441768139e-05,0.47097517772452596,CM
,235560,Contig_554998.fasta,0.015729625380471773,4.7490317701879664e-05,0.46009227047130435,CM
,235560,Contig_542549.fasta,0.0,0.0,0.0,CM
,235560,Contig_1125670.fasta,0.02413555508431503,0.00011241254536816402,0.47168733777148847,CM
,235560,Contig_57456.fasta,0.019195778193592125,7.394814190977571e-05,0.46581765960111154,CM
,235560,Contig_420791.fasta,0.010869671280265508,2.1562408081517394e-05,0.4449965183731018,CM
,235560,Contig_304002.fasta,0.021664607362337312,9.740204156949398e-05,0.4712123253467438,CM
,235560,Contig_304047.fasta,0.021692928303526985,8.890011779498327e-05,0.4674463926766399,CM
,235560,Contig_60914.fasta,0.02215818263323814,8.938436889735889e-05,0.46721301954000655,CM
,235560,Contig_369593.fasta,0.008299333392890252,1.066760895888289e-05,0.4292787514397399,CM
,235560,Contig_132330.fasta,0.012742204374439414,3.3609306643483103e-05,0.4512187454863226,CM
,235560,Contig_543264.fasta,0.01174509743190008,2.464471968391131e-05,0.44478501812672677,CM
,235560,Contig_61586.fasta,0.022002654697831074,0.00010178095666705782,0.471925203297344,CM
,235560,Contig_206205.fasta,0.017426316696999313,6.096383579433597e-05,0.4637401774720679,CM
,235560,Contig_992897.fasta,0.0010823318277995721,0.0,0.3047306018035275,CM
,235560,Contig_368482.fasta,0.013799169450071968,3.6309815541850016e-05,0.4527468205798902,CM
,235560,Contig_368810.fasta,0.01999249495212989,7.695507579819115e-05,0.4674463926766399,CM
,235560,Contig_545620.fasta,0.007062323030172545,1.0031062104750961e-05,0.4267340073591578,CM
,235560,Contig_131586.fasta,0.019141886617413846,7.662542102364162e-05,0.46861676421564,CM
,235560,Contig_62330.fasta,0.0037904028893072025,1.7463591430698148e-06,0.39519749921394975,CM
,235560,Contig_133221.fasta,0.0060570675829669605,5.921395399999342e-06,0.41890227311487604,CM
,235560,Contig_554336.fasta,0.023132223018971974,0.0001047502096279279,0.47168733777148847,CM
,235560,Contig_1061979.fasta,0.006170526221214157,6.5504023730148816e-06,0.4190898692962978,CM
,235560,Contig_59083.fasta,0.008525692951165295,1.1926756424743244e-05,0.4281004932015705,CM
,235560,Contig_61046.fasta,0.01959323597596375,7.115571682328297e-05,0.46512310046651745,CM
,235560,Contig_53364.fasta,0.014334411624491372,3.900537194302196e-05,0.45450591458894274,CM
,235560,Contig_138517.fasta,0.01587197898616683,4.7913606234016316e-05,0.4562787314181536,CM
,235560,Contig_1064832.fasta,0.005062576959640526,4.178396335797203e-06,0.4144498131703424,CM
,235560,Contig_367940.fasta,0.013802331135299623,3.624838741977119e-05,0.453185316289895,CM
,235560,Contig_57502.fasta,0.025577405422605844,0.0001288468169227256,0.4750394305272249,CM
,235560,Contig_370591.fasta,0.026352648118412217,0.00013547574835812677,0.4745576461149255,CM
,235560,Contig_420251.fasta,0.01818286557904122,6.79986759473437e-05,0.46581765960111154,CM
,235560,Contig_58753.fasta,0.023259560767308746,0.00010445456958322592,0.470501597857533,CM
,235560,Contig_133165.fasta,0.018606081929117845,6.43014345636707e-05,0.46145349020642656,CM
,235560,Contig_136703.fasta,0.01501400106084208,4.595747101313431e-05,0.4582897542304766,CM
,235560,Contig_420638.fasta,0.008433405998656638,1.3290841551335784e-05,0.43506633107328363,CM
,235560,Contig_552562.fasta,0.003529546893860198,1.3920335982990245e-06,0.3860675239845846,CM
,235560,Contig_136746.fasta,0.021808694720939152,9.62101814553505e-05,0.47097517772452596,CM
,235560,Contig_53399.fasta,0.019859648319259328,7.366047284537347e-05,0.4660496405072874,CM
,235560,Contig_369317.fasta,0.027420795927830668,0.0001481395836321485,0.47649067115001686,CM
,235560,Contig_551614.fasta,0.011618493000315628,2.684786336406316e-05,0.4488382149345962,CM
,235560,Contig_554072.fasta,0.0012319898638812647,0.0,0.31830873406075955,CM
,235560,Contig_59716.fasta,0.020328679656932847,7.958895159550508e-05,0.46512310046651745,CM
,235560,Contig_1066043.fasta,0.0038299803253276092,1.9549162744848887e-06,0.39586619210602075,CM
,235560,Contig_549707.fasta,0.0,0.0,0.0,CM
,235560,Contig_1062625.fasta,0.01612101208328956,4.9855232461213e-05,0.4578413298134213,CM
,235560,Contig_372137.fasta,0.007094906764735717,9.671501160041141e-06,0.4277091764801797,CM
,235560,Contig_426270.fasta,0.0043914835110898595,2.2755417579975704e-06,0.39536446055709046,CM
,235560,Contig_54300.fasta,0.018912995456876587,7.190873493645032e-05,0.4660496405072874,CM
,235560,Contig_53610.fasta,0.001187519933579909,0.0,0.31541209239589924,CM
,235560,Contig_989205.fasta,0.015784742283729343,4.6323344618103954e-05,0.46009227047130435,CM
,235560,Contig_420760.fasta,0.014821236445718075,4.093751793001318e-05,0.45494782602753187,CM
,235560,Contig_1062050.fasta,0.011744535454230579,2.2818408369740446e-05,0.4452082198566285,CM
,235560,Contig_427270.fasta,0.0036668288516012704,2.7119588530287222e-06,0.3938668679034651,CM
,235560,Contig_139063.fasta,0.0,0.0,0.0,CM
,235560,Contig_420725.fasta,0.0009741553002813603,0.0,0.29400806727572515,CM
,235560,Contig_545479.fasta,0.0095911878370147,1.7593016730782977e-05,0.4420536977508895,CM
,235560,Contig_1062015.fasta,0.009566747308789822,1.9354859456562594e-05,0.442681020879202,CM
,235560,Contig_202006.fasta,0.015247759040941932,4.801861490533277e-05,0.4603185824587472,CM
,235560,Contig_498324.fasta,0.005669621704353979,5.656975824357233e-06,0.4111720905705769,CM
,235560,Contig_201370.fasta,0.0,0.0,0.0,CM
,235560,Contig_551822.fasta,0.004485127017608186,3.094374987460982e-06,0.39822454388878004,CM
,235560,Contig_54001.fasta,0.0046521749556340366,3.223271781524185e-06,0.403547942276254,CM
,235560,Contig_422752.fasta,0.010369128107607529,1.8647474954808026e-05,0.43914954394116995,CM
,235560,Contig_55044.fasta,0.010993216698517319,2.205026996969504e-05,0.4395620846118521,CM
,235560,Contig_548236.fasta,0.016607834014130636,5.469334475812756e-05,0.4623654536258069,CM
,235560,Contig_420309.fasta,0.006052993165559088,5.5255173715836475e-06,0.4170355071919042,CM
,235560,Contig_542500.fasta,0.01855391177543572,6.521097523829723e-05,0.46351048941982814,CM
,235560,Contig_137277.fasta,0.003280164034756281,1.1618860421341893e-06,0.37538214125095587,CM
,235560,Contig_987817.fasta,0.019793349472568257,8.308257026179761e-05,0.46932180448276484,CM
,235560,Contig_24578923.fasta,0.02285295813269184,9.566512603856882e-05,0.46932180448276484,CM
,235560,Contig_985367.fasta,0.004961275789627346,3.5740420894404314e-06,0.409552594371393,CM
,235560,Contig_498823.fasta,0.011576527701818015,2.478755335267984e-05,0.44797878321619583,CM
,235560,Contig_1063329.fasta,0.02073911657785144,8.432928630725144e-05,0.46861676421564,CM
,235560,Contig_61925.fasta,0.005999089039348029,5.606982424409621e-06,0.41647871746267606,CM
,235560,Contig_54079.fasta,0.021014952793849052,8.556601064068694e-05,0.4688515421536238,CM
,235560,Contig_554682.fasta,0.0012325966343129174,0.0,0.31939511199270754,CM
,235560,Contig_302566.fasta,0.01860656842181218,6.660901847369868e-05,0.46512310046651745,CM
,235560,Contig_310306.fasta,0.02399256309078522,0.00011730091073964062,0.4735970031065957,CM
,235560,Contig_543210.fasta,0.0011961834061060398,0.0,0.3153058214752807,CM
,235560,Contig_986701.fasta,0.002547869560992293,4.082454570121587e-07,0.36872642952664814,CM
,235560,Contig_545700.fasta,0.015308975865593863,4.938060133067228e-05,0.4609988562259276,CM
,235560,Contig_420371.fasta,0.01652684166092437,5.319125871198862e-05,0.46145349020642656,CM
,235560,Contig_930538.fasta,0.027865487591351806,0.00015385515729275995,0.4769763904885999,CM
,235560,Contig_542578.fasta,0.003830191697203464,2.8139700654690854e-06,0.40181523320679824,CM
,235560,Contig_371823.fasta,0.011738530598892693,2.4837466503415588e-05,0.44776443930078136,CM
,235560,Contig_56.fasta,0.0,0.0,0.0,CM
,235560,Contig_500869.fasta,0.013155347597213804,3.362196496798586e-05,0.45252789078270456,CM
,235560,Contig_549526.fasta,0.0010298849394125636,0.0,0.299656637252204,CM
,235560,Contig_138472.fasta,0.02431269052708891,0.00011211022438282819,0.4721633088489572,CM
,235560,Contig_987069.fasta,0.01147050832525111,2.3018444846310676e-05,0.44584453460630447,CM
,235560,Contig_988280.fasta,0.019412662001536143,7.029285056904034e-05,0.4637401774720679,CM
,235560,Contig_543585.fasta,0.0,0.0,0.0,CM
,235560,Contig_206976.fasta,0.024545067233790303,0.0001275923593348017,0.47600594005016944,CM
,235560,Contig_3888.fasta,0.02534656814468325,0.00012167841492706797,0.47287906929693435,CM
,235560,Contig_1065538.fasta,0.0011324009533224457,0.0,0.30773682280126047,CM
,235560,Contig_62111.fasta,0.012800107451222602,2.9156274568419064e-05,0.4512187454863226,CM
,235560,Contig_208748.fasta,0.01889191903982529,6.706268452386122e-05,0.4632810287815015,CM
,235560,Contig_501406.fasta,0.011238837301357853,2.431388028355767e-05,0.44436262019878114,CM
,235560,Contig_306807.fasta,0.01068562814018804,2.298624381364527e-05,0.44776443930078136,CM
,235560,Contig_57808.fasta,0.01899093812996127,6.674121005671691e-05,0.4639700932764666,CM
,235560,Contig_930639.fasta,0.019661560844376456,7.554306358536156e-05,0.4644306094980809,CM
,235560,Contig_422.fasta,0.0010177089436524934,0.0,0.2994648570043626,CM
,235560,Contig_545369.fasta,0.01666600015615946,5.081946870880799e-05,0.4594146677165602,CM
,235560,Contig_502018.fasta,0.016525310262489587,5.530936421606146e-05,0.4632810287815015,CM
,235560,Contig_1066920.fasta,0.00677144364822278,7.338803073929279e-06,0.41815356485193617,CM
,235560,Contig_988550.fasta,0.012014851618660859,2.6667296136217572e-05,0.44905358835826925,CM
,235560,Contig_498319.fasta,0.0034009490706548135,1.5784202415469642e-06,0.3811925369200135,CM
,235560,Contig_1062135.fasta,0.019001082097276297,6.834842513798077e-05,0.46489204080408997,CM
,235560,Contig_139106.fasta,0.0020921053474018416,3.4965872717523646e-07,0.34481491456839836,CM
,235560,Contig_424026.fasta,0.002467188783404782,6.222208157983077e-07,0.36713522092531703,CM
,235560,Contig_985597.fasta,0.0038432262271160898,2.393949940363663e-06,0.40233348157292914,CM
,235560,Contig_369895.fasta,0.02067001253655942,8.098570701867273e-05,0.46581765960111154,CM
,235560,Contig_53489.fasta,0.002422618994884467,7.920968363962535e-07,0.36498739396982566,CM
,235560,Contig_60880.fasta,0.023001788274541524,0.00010615181343081638,0.4714497119086313,CM
,235560,Contig_368093.fasta,0.016852762502862797,5.971404610258457e-05,0.46581765960111154,CM
,235560,Contig_499241.fasta,0.01990152174332005,8.016210161684926e-05,0.46908655545796146,CM
,235560,Contig_989061.fasta,0.007118218230015922,9.895517034795954e-06,0.42790474537660406,CM
,235560,Contig_55164.fasta,0.023450901897610364,0.00010706126237307122,0.47168733777148847,CM
,235560,Contig_24573733.fasta,0.011705041571998434,2.8511601479698827e-05,0.4499171529512659,CM
,235560,Contig_498628.fasta,0.008332014164777657,1.1466126884228383e-05,0.43285276509650006,CM
,235560,Contig_3643.fasta,0.0023643908172037106,4.765058144978356e-07,0.3575955973017322,CM
,235560,Contig_987659.fasta,0.0013049953854960294,0.0,0.32595878723045385,CM
,235560,Contig_53431.fasta,0.01520192313525138,4.568775443658783e-05,0.4567240986523344,CM
,235560,Contig_426051.fasta,0.024463841850988398,0.00011368765706364367,0.4726402414841581,CM
,235560,Contig_500137.fasta,0.02098677836825352,8.379405640971675e-05,0.46791383906931655,CM
,235560,Contig_369743.fasta,0.024015233562003677,0.00011565430417763283,0.473357449741342,CM
,235560,Contig_502690.fasta,0.014798222031946527,4.377173745106753e-05,0.4565013064090893,CM
,235560,Contig_802918.fasta,0.01169490216959533,2.5634362248390927e-05,0.44733636622305595,CM
,235560,Contig_544175.fasta,0.0009277316729104481,0.0,0.29217223794524916,CM
,235560,Contig_53359.fasta,0.0036841470487493214,1.6695622263190926e-06,0.3918876374114879,CM
,235560,Contig_306575.fasta,0.0026477026146358227,7.055691863861582e-07,0.3734348276690475,CM
,235560,Contig_542420.fasta,0.0,0.0,0.0,CM
,235560,Contig_368743.fasta,0.020236454300520432,7.512218415429254e-05,0.46558590952170803,CM
,235560,Contig_499105.fasta,0.002375363343047703,7.544553976696024e-07,0.36034951025746365,CM
,235560,Contig_542465.fasta,0.002659728661147472,7.016041243179697e-07,0.37659061494512397,CM
,235560,Contig_548646.fasta,0.01658210722795847,5.215639683908751e-05,0.4619090217860973,CM
,235560,Contig_58939.fasta,0.010658579559588576,2.1614060828481968e-05,0.4439410237849303,CM
,235560,Contig_621909.fasta,0.01216365575266641,3.0762182513594944e-05,0.45035018197239324,CM
,235560,Contig_53922.fasta,0.021851021179061264,9.029462133918953e-05,0.46838222129060714,CM
,235560,Contig_132024.fasta,0.02876865663225787,0.0001652866961881211,0.4781950322629704,CM
,235560,Contig_1063498.fasta,0.01916436171540116,6.926955023663547e-05,0.46466121059515053,CM
,235560,Contig_551384.fasta,0.020937631634428917,7.846754468997816e-05,0.46535438992473055,CM
,235560,Contig_132061.fasta,0.0061567766469988825,5.679963108911954e-06,0.4190898692962978,CM
,235560,Contig_543135.fasta,0.0035630454292864522,1.6747615383689947e-06,0.38416571352160633,CM
,235560,Contig_1064559.fasta,0.011175871000884713,2.192372219527035e-05,0.44122002741095384,CM
,235560,Contig_368256.fasta,0.021602512743637052,8.912021639855142e-05,0.46791383906931655,CM
,235560,Contig_306060.fasta,0.02145575638440396,8.982932496333694e-05,0.46838222129060714,CM
,235560,Contig_58286.fasta,0.017737622303661542,6.850495624534511e-05,0.46721301954000655,CM
,235560,Contig_57092.fasta,0.02793006505302137,0.00015797787301689452,0.4781950322629704,CM
,235560,Contig_420355.fasta,0.019771062606132157,7.170991032315639e-05,0.46535438992473055,CM
,235560,Contig_420310.fasta,0.005758773390771208,5.9263341506964516e-06,0.4150011876446266,CM
,235560,Contig_139456.fasta,0.017696595744583956,6.234497807008286e-05,0.464200237171941,CM
,235560,Contig_4502.fasta,0.01060608427557172,2.088885307008784e-05,0.44457371883070457,CM
,235560,Contig_543519.fasta,0.0011961834061060398,0.0,0.3153058214752807,CM
,235560,Contig_544009.fasta,0.0012319898638812647,0.0,0.31830873406075955,CM
,235560,Contig_3057.fasta,0.0012597468136210702,0.0,0.3222547101028351,CM
,235560,Contig_553809.fasta,0.0025101557544707663,6.805788467505195e-07,0.3675678233066116,CM
,235560,Contig_132325.fasta,0.01590408236687916,5.1331780123453535e-05,0.46009227047130435,CM
,235560,Contig_369951.fasta,0.02016188042418843,8.184439555022106e-05,0.4688515421536238,CM
,235560,Contig_61901.fasta,0.016646318889053238,5.425154073986994e-05,0.4630517952195117,CM
,235560,Contig_369157.fasta,0.015299127393228893,4.252889334281834e-05,0.4565013064090893,CM
,235560,Contig_61944.fasta,0.0024925153190759382,7.514414291198371e-07,0.36814621484603977,CM
,235560,Contig_53508.fasta,0.0010823318277995721,0.0,0.3047306018035275,CM
,235560,Contig_368951.fasta,0.00927356054720075,1.7364329327925273e-05,0.4385321828203529,CM
,235560,Contig_303193.fasta,0.015285221659017158,4.776625055507312e-05,0.45873905791109465,CM
,235560,Contig_1062799.fasta,0.017409986521346194,5.722276013201063e-05,0.4609988562259276,CM
,235560,Contig_932596.fasta,0.014868990283650749,4.437286668299936e-05,0.4571703361693371,CM
,235560,Contig_133360.fasta,0.011834295766826137,2.6458846754333696e-05,0.44797878321619583,CM
,235560,Contig_371588.fasta,0.01866533734896715,6.583337881922735e-05,0.46489204080408997,CM
,235560,Contig_990113.fasta,0.01876340491272236,7.157214557108562e-05,0.466746971640216,CM
,235560,Contig_371159.fasta,0.015038268957733086,4.182839027560509e-05,0.4571703361693371,CM
,235560,Contig_132515.fasta,0.022099382360341625,9.057751508148956e-05,0.46838222129060714,CM
,235560,Contig_708360.fasta,0.008733032230444832,1.3344871507910204e-05,0.4377117297187245,CM
,235560,Contig_794445.fasta,0.01619669068079918,5.154450912516502e-05,0.4591892434438828,CM
,235560,Contig_310512.fasta,0.02565382679479232,0.0001351611449806212,0.47624818225884635,CM
,235560,Contig_200936.fasta,0.022149076816207453,0.00010113350651671604,0.47168733777148847,CM
,235560,Contig_309369.fasta,0.02557766488984551,0.00013140331199821604,0.4755221941761347,CM
,235560,Contig_131663.fasta,0.016736704060016035,5.673600946682228e-05,0.46351048941982814,CM
,235560,Contig_133515.fasta,0.019826498997954498,7.502005475919376e-05,0.466746971640216,CM
,235560,Contig_57236.fasta,0.023009855672818744,0.00010277904026526442,0.47026516489378545,CM
,235560,Contig_368809.fasta,0.019868750732328622,7.502487255534791e-05,0.4660496405072874,CM
,235560,Contig_57273.fasta,0.006214598540391615,6.204048459941441e-06,0.42173396941804103,CM
,235560,Contig_53450.fasta,0.021104933294511616,8.876128179570449e-05,0.46932180448276484,CM
,235560,Contig_369809.fasta,0.017667812490442796,6.011484721885189e-05,0.46259400797757444,CM
,235560,Contig_500212.fasta,0.003574011695217666,1.8836279792172237e-06,0.38863275670209013,CM
,235560,Contig_985127.fasta,0.011642003149910922,2.5612089327476488e-05,0.449484955878306,CM
,235560,Contig_131527.fasta,0.008374732429279517,1.5376399034988093e-05,0.43730265333580987,CM
,235560,Contig_205412.fasta,0.016754951725557188,5.57124011994132e-05,0.4609988562259276,CM
,235560,Contig_58861.fasta,0.021699306730303982,9.245522900428837e-05,0.46861676421564,CM
,235560,Contig_57172.fasta,0.008701735573785209,1.434395860478538e-05,0.44018235095890546,CM
,235560,Contig_57931.fasta,0.010371216761059013,1.9020234530803528e-05,0.441428150065393,CM
,235560,Contig_986539.fasta,0.026458975664560444,0.0001380622136194781,0.4755221941761347,CM
,235560,Contig_53380.fasta,0.0011131115443328158,0.0,0.30713084284169123,CM
,235560,Contig_793579.fasta,0.01350398286299101,3.524534923302509e-05,0.45694710846612946,CM
,235560,Contig_53751.fasta,0.009265892441399075,1.4562688118691467e-05,0.43526868750634096,CM
,235560,Contig_56974.fasta,0.015783226560855096,5.111337553009601e-05,0.46054511719420915,CM
,235560,Contig_53714.fasta,0.02127697970620754,8.946565382753198e-05,0.470501597857533,CM
,235560,Contig_498548.fasta,0.0073756010452627,1.0138710284609466e-05,0.4290819248686993,CM
,235560,Contig_138961.fasta,0.025655683450267173,0.000127873447287214,0.47407683796283334,CM
,235560,Contig_56931.fasta,0.011838786874831444,2.677423937682249e-05,0.4497009505711836,CM
,235560,Contig_53490.fasta,0.017703174904991376,6.0223115909965256e-05,0.4623654536258069,CM
,235560,Contig_1261469.fasta,0.01963168101312011,7.600418952246855e-05,0.4669798793106951,CM
,235560,Contig_134080.fasta,0.019021447283261265,7.392319586806037e-05,0.4681479130258295,CM
,235560,Contig_547636.fasta,0.00334817171669116,1.6910593295421936e-06,0.3802631768137477,CM
,235560,Contig_555815.fasta,0.005957521005211541,4.691122617920333e-06,0.4142663471175888,CM
,235560,Contig_367999.fasta,0.012559744835235991,3.034299238879761e-05,0.4497009505711836,CM
,235560,Contig_542481.fasta,0.02236917456233353,0.00010024437152473148,0.47168733777148847,CM
,235560,Contig_54239.fasta,0.0,0.0,0.0,CM
,235560,Contig_135080.fasta,0.016165740893233988,5.1357904735526314e-05,0.4591892434438828,CM
,235560,Contig_543050.fasta,0.002214732781122018,4.886036579663932e-07,0.34905918617628984,CM
,235560,Contig_371121.fasta,0.010423921420268465,2.053438000930874e-05,0.4410121009135877,CM
,235560,Contig_421275.fasta,0.01647562512385524,5.426966622217113e-05,0.46282278839695007,CM
,235560,Contig_1064055.fasta,0.01839851634287761,6.403511171556867e-05,0.4637401774720679,CM
,235560,Contig_24574183.fasta,0.022861960680980273,0.00010691402409497211,0.4726402414841581,CM
,235560,Contig_1065010.fasta,0.01970880575163714,7.756306442270269e-05,0.4669798793106951,CM
,235560,Contig_542439.fasta,0.020993361563646114,8.797143842191042e-05,0.46932180448276484,CM
,235560,Contig_55615.fasta,0.0021501098969749395,4.890031594438952e-07,0.3439278493710522,CM
,235560,Contig_1062268.fasta,0.018062383104696714,6.127258002750325e-05,0.46351048941982814,CM
,235560,Contig_545832.fasta,0.009976959614258358,1.9424227428301715e-05,0.4389435638548935,CM
,235560,Contig_994284.fasta,0.01734698695482239,5.7235137826352135e-05,0.46282278839695007,CM
,235560,Contig_61283.fasta,0.015486529891855588,4.3561530108112665e-05,0.4573937820814434,CM
,235560,Contig_137216.fasta,0.021881088970408462,9.1013989183803e-05,0.46791383906931655,CM
,235560,Contig_369929.fasta,0.021872415023093564,9.848878233329738e-05,0.47073826868140495,CM
,235560,Contig_424266.fasta,0.0,0.0,0.0,CM
,235560,Contig_422733.fasta,0.022373595729549903,9.763379931743396e-05,0.47073826868140495,CM
,235560,Contig_993468.fasta,0.02437089208932947,0.00011885033107510218,0.47407683796283334,CM
,235560,Contig_2702.fasta,0.023026548328954868,0.00010683934331591885,0.4724016547898198,CM
,235560,Contig_550843.fasta,0.009445065400506764,1.584368136637271e-05,0.43832678132957054,CM
,235560,Contig_555666.fasta,0.005928934342689881,6.266765518915761e-06,0.41946556617598973,CM
,235560,Contig_552333.fasta,0.0013049953854960294,0.0,0.32595878723045385,CM
,235560,Contig_59941.fasta,0.012881510928679098,3.3310642682178354e-05,0.453185316289895,CM
,235560,Contig_543660.fasta,0.01292258481537483,3.48947973918896e-05,0.45252789078270456,CM
,235560,Contig_302582.fasta,0.0,0.0,0.0,CM
,235560,Contig_985007.fasta,0.006922818378668696,8.742071984097382e-06,0.4209751138725295,CM
,235560,Contig_137152.fasta,0.00936706121541265,1.5460066445994053e-05,0.4348641627038258,CM
,235560,Contig_551768.fasta,0.010379418740121106,1.8161958428775896e-05,0.43935571743597795,CM
,235560,Contig_54324.fasta,0.018197621753706334,7.011468175279632e-05,0.4674463926766399,CM
,235560,Contig_554908.fasta,0.02003562034117703,7.797988605242947e-05,0.46721301954000655,CM
,235560,Contig_988264.fasta,0.02297441514616014,0.00010629190774888061,0.4721633088489572,CM
,235560,Contig_57017.fasta,0.015212410398769444,4.5725188243800966e-05,0.4573937820814434,CM
,235560,Contig_930599.fasta,0.007444874259614929,1.0133551568855147e-05,0.4314558221017211,CM
,235560,Contig_368836.fasta,0.024018668050040683,0.00011483401709480483,0.4726402414841581,CM
,235560,Contig_501295.fasta,0.020197651485062335,8.205563078598265e-05,0.46908655545796146,CM
,235560,Contig_549348.fasta,0.02313572734354144,0.00010113860873993455,0.47026516489378545,CM
,235560,Contig_3936.fasta,0.025785500913409042,0.0001261661019451021,0.47383679905753573,CM
,235560,Contig_53793.fasta,0.017722470009204447,5.4981421157081365e-05,0.4603185824587472,CM
,235560,Contig_421232.fasta,0.0,0.0,0.0,CM
,235560,Contig_368389.fasta,0.02557081809498235,0.0001302290893917611,0.47479841610280726,CM
,235560,Contig_58788.fasta,0.004963528861984126,3.6452963652610656e-06,0.40776805147652856,CM
,235560,Contig_991500.fasta,0.028044757062691317,0.00015570317269585394,0.4774631010911394,CM
,235560,Contig_555817.fasta,0.019500113524746534,7.584496387637913e-05,0.4674463926766399,CM
,235560,Contig_542483.fasta,0.007942000318216751,1.2074376027842034e-05,0.4286888127066574,CM
,235560,Contig_132900.fasta,0.013029730872871275,3.156878963555041e-05,0.4523091726141291,CM
,235560,Contig_543052.fasta,0.0011961834061060398,0.0,0.3153058214752807,CM
,235560,Contig_546119.fasta,0.008284544414898135,1.3456485280273361e-05,0.43466218213591873,CM
,235560,Contig_6086.fasta,0.006645199906316489,6.480708028492829e-06,0.4162934511292852,CM
,235560,Contig_369459.fasta,0.022357243306010747,9.802302394758731e-05,0.4712123253467438,CM
,235560,Contig_1064787.fasta,0.003577666597658762,2.079313845845368e-06,0.38527281932426233,CM
,235560,Contig_993918.fasta,0.007105535657059882,1.0333749191761716e-05,0.43006786679165127,CM
,235560,Contig_420935.fasta,0.008126614344681272,1.2996791942163327e-05,0.4340573646283085,CM
,235560,Contig_209716.fasta,0.014111634170261,3.612726524896595e-05,0.4527468205798902,CM
,235560,Contig_549952.fasta,0.0026558781646781318,7.183376890088416e-07,0.37538214125095587,CM
,235560,Contig_368269.fasta,0.003621436944428898,1.4888973822757322e-06,0.38927940022405705,CM
,235560,Contig_58668.fasta,0.021848723787250734,9.471757023166146e-05,0.470501597857533,CM
,235560,Contig_542949.fasta,0.016687009008685548,5.723784084124687e-05,0.4632810287815015,CM
,235560,Contig_425926.fasta,0.0,0.0,0.0,CM
,235560,Contig_439.fasta,0.01292739260973142,3.2543041970716165e-05,0.45406486081447506,CM
,235560,Contig_428343.fasta,0.018217845530118622,5.9128701759936274e-05,0.45986618090350523,CM
,235560,Contig_502497.fasta,0.005986076518659343,6.523288418315869e-06,0.4177802134547469,CM
,235560,Contig_793333.fasta,0.01324906688342238,3.1867617797389355e-05,0.4516542848159426,CM
,235560,Contig_985040.fasta,0.022881875387523638,0.00010436251136460241,0.4726402414841581,CM
,235560,Contig_544337.fasta,0.007558854514245695,9.658082443637535e-06,0.4255696580894193,CM
,235560,Contig_302538.fasta,0.0037931856509989996,1.873426569426002e-06,0.39721038970230604,CM
,235560,Contig_371387.fasta,0.006094552302997675,5.379304090932601e-06,0.41684974527333324,CM
,235560,Contig_985429.fasta,0.015045060430984393,4.65526352341198e-05,0.4594146677165602,CM
,235560,Contig_57780.fasta,0.014912183448705691,4.000810945541012e-05,0.45384465477140307,CM
,235560,Contig_5210.fasta,0.002392147766943516,4.546283984740974e-07,0.35704985812233236,CM
,235560,Contig_139344.fasta,0.006896901943189381,6.8330986674224604e-06,0.42345143807177965,CM
,235560,Contig_303250.fasta,0.010302123753463847,1.828820557456477e-05,0.43935571743597795,CM
,235560,Contig_547305.fasta,0.0010717362157023648,0.0,0.3037415378573947,CM
,235560,Contig_368294.fasta,0.017642792046475272,6.010677543131872e-05,0.4637401774720679,CM
,235560,Contig_542526.fasta,0.0033076309417244347,1.6566887773788217e-06,0.3771977743404406,CM
,235560,Contig_59201.fasta,0.0012281651043778588,0.0,0.31841703917612557,CM
,235560,Contig_132437.fasta,0.011634067081328388,2.556720281309468e-05,0.44776443930078136,CM
,235560,Contig_135127.fasta,0.017544874617961958,6.0045086341678895e-05,0.4616811436303074,CM
,235560,Contig_498840.fasta,0.01722959280802126,6.040465448566266e-05,0.4637401774720679,CM
,235560,Contig_201012.fasta,0.0072764279364551585,7.886761912934547e-06,0.4271235409122013,CM
,235560,Contig_502796.fasta,0.013193825962908173,3.308025281506628e-05,0.45450591458894274,CM
,235560,Contig_371838.fasta,0.023400323012142735,0.00010388363178010158,0.4714497119086313,CM
,235560,Contig_369953.fasta,0.023101059285652467,0.00010556168001109768,0.4714497119086313,CM
,235560,Contig_53998.fasta,0.0024560928107423847,5.005296560487006e-07,0.3621624141403379,CM
,235560,Contig_549268.fasta,0.0035216216169148985,1.4635850297852979e-06,0.38400807473887283,CM
,235560,Contig_627031.fasta,0.009093501623174703,1.6137182641771615e-05,0.4377117297187245,CM
,235560,Contig_60946.fasta,0.022984323120607716,0.00010645348415432436,0.47168733777148847,CM
,235560,Contig_368584.fasta,0.016762201498668534,5.704256685404811e-05,0.46351048941982814,CM
,235560,Contig_499387.fasta,0.003337953306442734,1.6259956112567366e-06,0.37553277613909836,CM
,235560,Contig_368916.fasta,0.022219716906395865,9.805113103324052e-05,0.4712123253467438,CM
,235560,Contig_131739.fasta,0.008619802653409928,1.1759341133280119e-05,0.4344603891080005,CM
,235560,Contig_368678.fasta,0.021641327185977343,9.138306019979048e-05,0.47073826868140495,CM
,235560,Contig_55737.fasta,0.0025375920198089466,7.181566764364834e-07,0.3712128830379346,CM
,235560,Contig_57441.fasta,0.01235929242045858,2.691264736539389e-05,0.4462697559077888,CM
,235560,Contig_139085.fasta,0.019597784878255094,7.554546199410042e-05,0.46535438992473055,CM
,235560,Contig_5194.fasta,0.001187519933579909,0.0,0.31541209239589924,CM
,235560,Contig_500498.fasta,0.009207018070550955,1.3010404304875836e-05,0.4332535546938116,CM
,235560,Contig_35.fasta,0.0035263757962032904,1.1411450201107563e-06,0.3843234817817795,CM
,235560,Contig_1124667.fasta,0.02082419222947747,7.843738565069639e-05,0.4662818525852681,CM
,235560,Contig_800316.fasta,0.0012511438136435023,0.0,0.3211488257167581,CM
,235560,Contig_56028.fasta,0.019965724877317976,7.563121856438758e-05,0.4669798793106951,CM
,235560,Contig_551712.fasta,0.002213892349758533,7.420450155363881e-07,0.3538100862527913,CM
,235560,Contig_502713.fasta,0.025530165064618134,0.00013057736616431905,0.4755221941761347,CM
,235560,Contig_59610.fasta,0.013825818644509658,2.992249694807433e-05,0.44905358835826925,CM
,235560,Contig_302604.fasta,0.01529034478143225,4.296388436579965e-05,0.4562787314181536,CM
,235560,Contig_551757.fasta,0.0034990262658205966,1.7385410853160416e-06,0.384955852792527,CM
,235560,Contig_932201.fasta,0.004956509642590856,4.441726615121261e-06,0.4120773571724496,CM
,235560,Contig_133865.fasta,0.00230095495380061,5.330437676977104e-07,0.3547489303027419,CM
,235560,Contig_986463.fasta,0.017486311705596752,6.0563975092380107e-05,0.46259400797757444,CM
,235560,Contig_545427.fasta,0.007066416635926933,9.414366633853031e-06,0.4230685705870855,CM
,235560,Contig_62172.fasta,0.014344183841905776,4.355107582756889e-05,0.4594146677165602,CM
,235560,Contig_55436.fasta,0.0033941043497992297,1.516345805255146e-06,0.37949216469530944,CM
,235560,Contig_548295.fasta,0.003233411449563634,1.6309343076986791e-06,0.3715076133936614,CM
,235560,Contig_550839.fasta,0.0,0.0,0.0,CM
,235560,Contig_370302.fasta,0.01726502387417189,5.9579675360318823e-05,0.4623654536258069,CM
,235560,Contig_372074.fasta,0.023623104830338443,0.00011539688520165126,0.47383679905753573,CM
,235560,Contig_553798.fasta,0.021700468577516813,9.212031630489304e-05,0.46955728958285653,CM
,235560,Contig_500799.fasta,0.006991247513009389,8.007199751056509e-06,0.42268639482323084,CM
,235560,Contig_54243.fasta,0.02623389204480909,0.00013882059114528423,0.47528068976060595,CM
,235560,Contig_543869.fasta,0.0,0.0,0.0,CM
,235560,Contig_137718.fasta,0.026653081549879627,0.0001409219993091816,0.47624818225884635,CM
,235560,Contig_53716.fasta,0.010587949470347593,2.0185178055632207e-05,0.44436262019878114,CM
,235560,Contig_369798.fasta,0.012138293676925592,2.8703029566871883e-05,0.45296596231298797,CM
,235560,Contig_985160.fasta,0.013987449625399927,3.6343140934542845e-05,0.453185316289895,CM
,235560,Contig_56618.fasta,0.016610078154607116,5.083789883408716e-05,0.4603185824587472,CM
,235560,Contig_369421.fasta,0.002463994323514918,6.93222226571851e-07,0.36641647538709204,CM
,235560,Contig_136070.fasta,0.01927383858143683,7.366444335863707e-05,0.466746971640216,CM
,235560,Contig_547124.fasta,0.004314396350725302,3.245949173873895e-06,0.3935356089733529,CM
,235560,Contig_555395.fasta,0.0022055523531202873,5.948647109487223e-07,0.3497113894389511,CM
,235560,Contig_2620.fasta,0.021959478126109103,9.253507243074537e-05,0.46908655545796146,CM
,235560,Contig_990679.fasta,0.0037031174202155114,1.1682990222569332e-06,0.3912323069141443,CM
,235560,Contig_137371.fasta,0.018850441890476844,7.11729524391912e-05,0.46558590952170803,CM
,235560,Contig_200971.fasta,0.0048057851061654,4.163205791419728e-06,0.406528096498103,CM
,235560,Contig_55880.fasta,0.024518475893469924,0.00011525875388651172,0.4724016547898198,CM
,235560,Contig_53941.fasta,0.016200410834668628,5.162016153160336e-05,0.4594146677165602,CM
,235560,Contig_54457.fasta,0.004897465142378127,3.883088291293303e-06,0.406528096498103,CM
,235560,Contig_543587.fasta,0.0011961834061060398,0.0,0.3153058214752807,CM
,235560,Contig_132047.fasta,0.0010717362157023648,0.0,0.3037415378573947,CM
,235560,Contig_133002.fasta,0.01972220450346015,8.09297381332414e-05,0.46908655545796146,CM
,235560,Contig_368235.fasta,0.015141476145145523,4.243254467064217e-05,0.4558342319233478,CM
,235560,Contig_212696.fasta,0.016612957938353413,5.03607703015571e-05,0.4591892434438828,CM
,235560,Contig_428432.fasta,0.02782035356431781,0.000153180415777228,0.4774631010911394,CM
,235560,Contig_545097.fasta,0.0013508827791821022,0.0,0.3311492137787095,CM
,235560,Contig_550773.fasta,0.004654514028825093,3.5892987100644726e-06,0.40009733994811164,CM
,235560,Contig_134557.fasta,0.01869723135194345,6.698161463828214e-05,0.46466121059515053,CM
,235560,Contig_370062.fasta,0.012570136601792799,2.9851092100302217e-05,0.4471226364733077,CM
,235560,Contig_420336.fasta,0.005632985626631574,5.3048775916588175e-06,0.4129866187725653,CM
,235560,Contig_60298.fasta,0.01899103784849289,7.112242412489398e-05,0.46558590952170803,CM
,235560,Contig_424515.fasta,0.0011961834061060398,0.0,0.3153058214752807,CM
,235560,Contig_498859.fasta,0.010492368732573,1.9582689719957867e-05,0.4418449849568617,CM
,235560,Contig_987746.fasta,0.004424974218413264,3.06102647738437e-06,0.39754786666891806,CM
,235560,Contig_553390.fasta,0.020995413579390713,9.016534002700589e-05,0.46979301111377164,CM
,235560,Contig_54838.fasta,0.024122354590303072,0.00011837855678357665,0.47383679905753573,CM
,235560,Contig_808772.fasta,0.02647485893234014,0.00014226419976981814,0.47624818225884635,CM
,235560,concatenated_maxbin2.1689.fasta,0.12338767909148163,0.025733257097442914,0.43709840174620884,CM
,235560,concatenated_maxbin2.0347.fasta,0.1568092215779619,0.04865796199691195,0.4964603067048452,CM
,235560,concatenated_maxbin2.0432.fasta,0.1553684140557497,0.0472380728646565,0.4917644131049044,CM
,235560,concatenated_maxbin2.0512.fasta,0.13817586468630458,0.03548984843106834,0.46054511719420915,CM
,235560,concatenated_maxbin2.0082.fasta,0.1359242836619498,0.03132257837090844,0.4551691041530317,CM
,235560,concatenated_metabat2.783.fasta,0.10297537249883479,0.015135703582081446,0.4081237148445849,CM
,235560,concatenated_bin.308.fasta,0.14331144052980693,0.04408019857823255,0.4712123253467438,CM
,235560,concatenated_maxbin2.0325.fasta,0.11671086446311417,0.02131973540532583,0.42518295235739806,CM
,235560,concatenated_metabat2.665.fasta,0.14227349373889495,0.045586501455069595,0.4714497119086313,CM
,235560,concatenated_maxbin2.0610.fasta,0.142312248494422,0.040333908413140586,0.46838222129060714,CM
,235560,concatenated_maxbin2.0126.fasta,0.1484440156797728,0.04072456950376075,0.4781950322629704,CM
,235560,concatenated_maxbin2.0342.fasta,0.11867294552016638,0.023790189743248643,0.4312569945339323,CM
,235560,concatenated_bin.737.fasta,0.15092679738015502,0.04719117111569812,0.4869030583447623,CM
,235560,concatenated_bin.182.fasta,0.11114897748225247,0.02138016525425683,0.42135419997236967,CM
,235560,concatenated_maxbin2.0908.fasta,0.15634790419723274,0.049843122542391136,0.4954090408356978,CM
,235560,concatenated_maxbin2.1011.fasta,0.14767400914765452,0.047659007582919646,0.48040435222722433,CM
,235560,concatenated_metabat2.358.fasta,0.1296711963913211,0.031705748740589415,0.44797878321619583,CM
,235560,concatenated_maxbin2.0541.fasta,0.14714307974711086,0.04704908902564438,0.4781950322629704,CM
,235560,concatenated_bin.204.fasta,0.12192890656265944,0.02888524539561861,0.43669047043333326,CM
,235560,concatenated_metabat2.164.fasta,0.128401765278003,0.032150608998138694,0.44584453460630447,CM
,235560,concatenated_maxbin2.0329.fasta,0.13335882948584607,0.03334209363335639,0.453185316289895,CM
,235560,concatenated_bin.240.fasta,0.13566984046891228,0.03267294605101184,0.45450591458894274,CM
,235560,concatenated_metabat2.793.fasta,0.14989609563879183,0.049261121691185156,0.4843828561794167,CM
,235560,concatenated_maxbin2.0177.fasta,0.13888930343610367,0.037006539533167425,0.4630517952195117,CM
,235560,concatenated_metabat2.147.fasta,0.1476013136528105,0.04289648904786197,0.4779508059952161,CM
,235560,concatenated_maxbin2.0272.fasta,0.16184554649668362,0.0608488374279487,0.5074987408560917,CM
