Method,Number of Swaps,Node,Eigenvector Centrality,Betweenness Centrality,Closeness Centrality
SM,201630,49614--sample_49614_k141_1366290,0.014787507295535955,7.892765342698056e-06,0.4992248062015504
SM,201630,49614--sample_49614_k141_1673869,0.019790868250895106,1.4324302222153969e-05,0.5007776049766719
SM,201630,49614--sample_49614_k141_361656,0.018434449794081813,1.265212869786177e-05,0.5003885003885004
SM,201630,49614--sample_49614_k141_1427871,0.014623572985261157,8.027578875832532e-06,0.4984520123839009
SM,201630,49614--sample_49614_k141_1684910,0.01974082107469377,1.4415889782293421e-05,0.5007776049766719
SM,201630,49614--sample_49614_k141_1888333,0.024492163301283777,2.2994070225533048e-05,0.5023400936037441
SM,201630,49614--sample_49614_k141_1420726,0.023290195232441864,2.0698745424556558e-05,0.5019485580670304
SM,201630,49614--sample_49614_k141_1263971,0.018474976293733833,1.263866073893988e-05,0.5003885003885004
SM,201630,49614--sample_49614_k141_1030954,0.017156218698280483,1.1009634534990895e-05,0.5
SM,201630,49614--sample_49614_k141_1613401,0.01836853161232579,1.2722002852636583e-05,0.5003885003885004
SM,201630,49614--sample_49614_k141_1358288,0.019515595662117757,1.45500221929339e-05,0.5007776049766719
SM,201630,49614--sample_49614_k141_1030670,0.020953741245785786,1.6326323176378246e-05,0.5011673151750973
SM,201630,49614--sample_49614_k141_1820688,0.02579236119748769,2.534989637850701e-05,0.5027322404371585
SM,201630,49614--sample_49614_k141_1487501,0.01582347472450693,9.511747763022731e-06,0.49961210240496506
SM,201630,49614--sample_49614_k141_1651093,0.022080375805171235,1.8537501637362616e-05,0.5015576323987538
SM,201630,49614--sample_49614_k141_1675793,0.02576815668660023,2.5317294364431788e-05,0.5027322404371585
SM,201630,49614--sample_49614_k141_942127,0.020888131157882597,1.6351819045967194e-05,0.5011673151750973
SM,201630,49614--sample_49614_k141_656736,0.01844856225841719,1.2641427937980094e-05,0.5003885003885004
SM,201630,49614--sample_49614_k141_1678667,0.01727256221420561,1.0910346961236398e-05,0.5
SM,201630,49614--sample_49614_k141_1943765,0.014913180779127875,7.825830465432234e-06,0.4992248062015504
SM,201630,49614--sample_49614_k141_1816064,0.024453562806732367,2.306355289641366e-05,0.5023400936037441
SM,201630,49614--sample_49614_k141_149411,0.018400752298367618,1.2672845501146154e-05,0.5003885003885004
SM,201630,49614--sample_49614_k141_1996265,0.015954643747412036,9.438498085981785e-06,0.49961210240496506
SM,201630,49614--sample_49614_k141_1502755,0.02333535282300142,2.060956709833965e-05,0.5019485580670304
SM,201630,49614--sample_49614_k141_259366,0.0207865881646449,1.6499173187767627e-05,0.5011673151750973
SM,201630,49614--sample_49614_k141_75054,0.01950784020627115,1.4625598057024307e-05,0.5007776049766719
SM,201630,49614--sample_49614_k141_2139,0.027089970949990407,2.7804981328757282e-05,0.503125
SM,201630,49614--sample_49614_k141_823274,0.017224545780858042,1.096273844295077e-05,0.5
SM,201630,49614--sample_49614_k141_1735709,0.020888420225763104,1.6405468250706777e-05,0.5011673151750973
SM,201630,49614--sample_49614_k141_762662,0.010980651497113223,4.399473475170774e-06,0.4980665119876257
SM,201630,49614--sample_49614_k141_1698348,0.017245426517976243,1.0888384347103465e-05,0.5
SM,201630,49614--sample_49614_k141_1641869,0.0184760419154528,1.2624408590628704e-05,0.5003885003885004
SM,201630,49614--sample_49614_k141_262368,0.017205461664270092,1.0979874514658693e-05,0.5
SM,201630,49614--sample_49614_k141_611934,0.020926891763346566,1.638365420524684e-05,0.5011673151750973
SM,201630,49614--sample_49614_k141_405366,0.017168338153231977,1.0971948878978856e-05,0.5
SM,201630,49614--sample_49614_k141_1298515,0.019590351014615724,1.4545730473238318e-05,0.5007776049766719
SM,201630,49614--sample_49614_k141_1081030,0.01847834274797764,1.2629959720087896e-05,0.5003885003885004
SM,201630,49614--sample_49614_k141_1494757,0.01960342720699923,1.4544816814990303e-05,0.5007776049766719
SM,201630,49614--sample_49614_k141_228945,0.018321521157509478,1.275295266053937e-05,0.5003885003885004
SM,201630,49614--sample_49614_k141_651585,0.024573128010019017,2.2917487884968385e-05,0.5023400936037441
SM,201630,49614--sample_49614_k141_1667848,0.02205135887494036,1.8466090690223668e-05,0.5015576323987538
SM,201630,49614--sample_49614_k141_1582181,0.024616517374131286,2.2866522487258294e-05,0.5023400936037441
SM,201630,49614--sample_49614_k141_888599,0.020873110856814522,1.6472413836283066e-05,0.5011673151750973
SM,201630,49614--sample_49614_k141_589501,0.018471686182373222,1.2565488073310326e-05,0.5003885003885004
SM,201630,49614--sample_49614_k141_1751193,0.019587629114537337,1.4573056488062038e-05,0.5007776049766719
SM,201630,49614--sample_49614_k141_1297148,0.02333012012845024,2.0603584024464222e-05,0.5019485580670304
SM,201630,49614--sample_49614_k141_2279922,0.019607880307715184,1.4465285625778032e-05,0.5007776049766719
SM,201630,49614--sample_49614_k141_311416,0.01977696627281294,1.437959710770305e-05,0.5007776049766719
SM,201630,49614--sample_49614_k141_401001,0.022126842970785515,1.8467645401667756e-05,0.5015576323987538
SM,201630,49614--sample_49614_k141_1969311,0.02086991741707652,1.6344654696099012e-05,0.5011673151750973
SM,201630,49614--sample_49614_k141_239722,0.023397404819896075,2.0552692332211454e-05,0.5019485580670304
SM,201630,49614--sample_49614_k141_714468,0.019566346741477295,1.4597867811726416e-05,0.5007776049766719
SM,201630,49614--sample_49614_k141_1994231,0.01965804781632669,1.4469172161798753e-05,0.5007776049766719
SM,201630,49614--sample_49614_k141_2178769,0.01597116917836376,9.39575997545801e-06,0.49961210240496506
SM,201630,49614--sample_49614_k141_461285,0.022112405488485,1.844275443418405e-05,0.5015576323987538
SM,201630,49614--sample_49614_k141_872999,0.009888226271368185,3.3272298004872724e-06,0.49768160741885625
SM,201630,49614--sample_49614_k141_60460,0.01963803853019249,1.4492539525876713e-05,0.5007776049766719
SM,201630,49614--sample_49614_k141_2173118,0.020847181681032872,1.644141419334838e-05,0.5011673151750973
SM,201630,49614--sample_49614_k141_1230032,0.019652836615174155,1.4463506545732697e-05,0.5007776049766719
SM,201630,49614--sample_49614_k141_2164689,0.017161968458066938,1.0979288633517617e-05,0.5
SM,201630,49614--sample_49614_k141_153009,0.022074664721208517,1.8474619108635004e-05,0.5015576323987538
SM,201630,49614--sample_49614_k141_38739,0.020794867654460022,1.6485965651656455e-05,0.5011673151750973
SM,201630,49614--sample_49614_k141_978190,0.01827812107712474,1.2791231623699651e-05,0.5003885003885004
SM,201630,49614--sample_49614_k141_1331948,0.018433803308607225,1.2673769917994866e-05,0.5003885003885004
SM,201630,49614--sample_49614_k141_736090,0.02350460276885803,2.0437466335589055e-05,0.5019485580670304
SM,201630,49614--sample_49614_k141_693752,0.017255588123914915,1.090731852407192e-05,0.5
SM,201630,49614--sample_49614_k141_768537,0.016085943283817152,9.313443213193892e-06,0.49961210240496506
SM,201630,49614--sample_49614_k141_1297508,0.01843320112956161,1.2662263040169543e-05,0.5003885003885004
SM,201630,49614--sample_49614_k141_1820469,0.01462295305391742,8.045827115982989e-06,0.4992248062015504
SM,201630,49614--sample_49614_k141_983271,0.0147485387089591,7.894907745228773e-06,0.4992248062015504
SM,201630,49614--sample_49614_k141_1706254,0.020946129538969,1.6312939499431074e-05,0.5011673151750973
SM,201630,49614--sample_49614_k141_2143008,0.025816775364242355,2.530288720123724e-05,0.5027322404371585
SM,201630,49614--sample_49614_k141_917802,0.028368382419514584,3.0396035033667033e-05,0.5035183737294762
SM,201630,49614--sample_49614_k141_1082226,0.019565113113168706,1.4597651331116375e-05,0.5007776049766719
SM,201630,49614--sample_49614_k141_2049411,0.020979224356639972,1.6275233752818343e-05,0.5011673151750973
SM,201630,49614--sample_49614_k141_1581344,0.02207567879624465,1.847330069971133e-05,0.5015576323987538
SM,201630,49614--sample_49614_k141_625148,0.022169327221317783,1.8410674726584512e-05,0.5015576323987538
SM,201630,49614--sample_49614_k141_1609489,0.022188417702711884,1.8342838968856577e-05,0.5015576323987538
SM,201630,49614--sample_49614_k141_65000,0.023312165195929335,2.0596044674241083e-05,0.5019485580670304
SM,201630,49614--sample_49614_k141_301897,0.01597227440510778,9.44864100613975e-06,0.49961210240496506
SM,201630,49614--sample_49614_k141_1808202,0.023440083364621767,2.0545847677035784e-05,0.5019485580670304
SM,201630,49614--sample_49614_k141_455871,0.02453509785910989,2.2934856658218535e-05,0.5023400936037441
SM,201630,49614--sample_49614_k141_1432154,0.022216015577371854,1.8386134629141284e-05,0.5015576323987538
SM,201630,49614--sample_49614_k141_974705,0.02452493654316279,2.296295528122684e-05,0.5023400936037441
SM,201630,49614--sample_49614_k141_945712,0.018457991482264704,1.263102678596133e-05,0.5003885003885004
SM,201630,49614--sample_49614_k141_82393,0.02469874279447395,2.2816383603454953e-05,0.5023400936037441
SM,201630,49614--sample_49614_k141_1302202,0.01847635851210831,1.2626337074554396e-05,0.5003885003885004
SM,201630,49614--sample_49614_k141_290227,0.014792569364313297,7.898634095954537e-06,0.4992248062015504
SM,201630,49614--sample_49614_k141_2198304,0.020863933683461098,1.6453303323299623e-05,0.5011673151750973
SM,201630,49614--sample_49614_k141_1239175,0.017193542019179366,1.0965939235253087e-05,0.5
SM,201630,49614--sample_49614_k141_581161,0.023289614806086746,2.0703143154733976e-05,0.5019485580670304
SM,201630,49614--sample_49614_k141_1129144,0.024374342184881926,2.3129220096098893e-05,0.5023400936037441
SM,201630,49614--sample_49614_k141_517086,0.023473483963382235,2.0433973064278034e-05,0.5019485580670304
SM,201630,49614--sample_49614_k141_734937,0.018433143636757986,1.2614582147173045e-05,0.5003885003885004
SM,201630,49614--sample_49614_k141_1636650,0.022196597278292353,1.831209142610938e-05,0.5015576323987538
SM,201630,49614--sample_49614_k141_1173914,0.023306183561290234,2.0664614599472773e-05,0.5019485580670304
SM,201630,49614--sample_49614_k141_945388,0.01832433781328983,1.2797116316819298e-05,0.5003885003885004
SM,201630,49614--sample_49614_k141_518814,0.014696706339963774,7.9625399495997e-06,0.4992248062015504
SM,201630,49614--sample_49614_k141_1499111,0.0172302510562858,1.0968988807448086e-05,0.5
SM,201630,49614--sample_49614_k141_1431,0.024717790733063787,2.2736451852281872e-05,0.5023400936037441
SM,201630,49614--sample_49614_k141_2129664,0.023474620816689225,2.0484255147119055e-05,0.5019485580670304
SM,201630,49614--sample_49614_k141_1838286,0.018470644127725647,1.2653239169651752e-05,0.5003885003885004
SM,201630,49614--sample_49614_k141_533429,0.022128052068544204,1.8402967896205608e-05,0.5015576323987538
SM,201630,49614--sample_49614_k141_1809878,0.023409291315516265,2.0549173805301585e-05,0.5019485580670304
SM,201630,49614--sample_49614_k141_924335,0.01846584693343487,1.2680549589212085e-05,0.5003885003885004
SM,201630,49614--sample_49614_k141_575385,0.014751311015563826,7.957955882540195e-06,0.4992248062015504
SM,201630,49614--sample_49614_k141_1317799,0.020850387639682496,1.6458203936801075e-05,0.5011673151750973
SM,201630,49614--sample_49614_k141_1611182,0.02335345375871937,2.0587039785227987e-05,0.5019485580670304
SM,201630,49614--sample_49614_k141_330023,0.019818963792253712,1.4337950400632385e-05,0.5007776049766719
SM,201630,49614--sample_49614_k141_918242,0.020802519511920487,1.647828085822366e-05,0.5011673151750973
SM,201630,49614--sample_49614_k141_2021145,0.022250973938180495,1.829777217002537e-05,0.5015576323987538
SM,201630,49614--sample_49614_k141_1050375,0.01845501928381027,1.264490581550113e-05,0.5003885003885004
SM,201630,49614--sample_49614_k141_248429,0.020868164060346705,1.6419651708721287e-05,0.5011673151750973
SM,201630,49614--sample_49614_k141_2013565,0.018515350765556885,1.2582685027423625e-05,0.5003885003885004
SM,201630,49614--sample_49614_k141_1607582,0.02212664816552497,1.8417689790623997e-05,0.5015576323987538
SM,201630,49614--sample_49614_k141_3196,0.013542995831132462,6.595107139949777e-06,0.4984520123839009
SM,201630,49614--sample_49614_k141_134781,0.019623283605473107,1.456874312852947e-05,0.5007776049766719
SM,201630,49614--sample_49614_k141_519892,0.018429876588307522,1.2674603652443598e-05,0.5003885003885004
SM,201630,49614--sample_49614_k141_1887436,0.019705891459563703,1.4422569630699506e-05,0.5007776049766719
SM,201630,49614--sample_49614_k141_1615394,0.020846933193359733,1.6442639671943415e-05,0.5011673151750973
SM,201630,49614--sample_49614_k141_4744,0.01837042842997963,1.2683416483996491e-05,0.5003885003885004
SM,201630,49614--sample_49614_k141_1820321,0.019572974299585006,1.4570132795645947e-05,0.5007776049766719
SM,201630,49614--sample_49614_k141_806895,0.023244284870622252,2.074461927056908e-05,0.5019485580670304
SM,201630,49614--sample_49614_k141_541379,0.0158243802618332,9.502556714666996e-06,0.49961210240496506
SM,201630,49614--sample_49614_k141_1890593,0.02087242791357495,1.6394232025650232e-05,0.5011673151750973
SM,201630,49614--sample_49614_k141_590446,0.02086512812551445,1.644491655004897e-05,0.5011673151750973
SM,201630,49614--sample_49614_k141_1777190,0.015996527775406277,9.412998651446556e-06,0.49961210240496506
SM,201630,49614--sample_49614_k141_1243219,0.024498044152506584,2.295434031686012e-05,0.5023400936037441
SM,201630,49614--sample_49614_k141_2043775,0.020817486318091005,1.6496496152644545e-05,0.5011673151750973
SM,201630,49614--sample_49614_k141_1387687,0.01730818245544784,1.0936761021673056e-05,0.5
SM,201630,49614--sample_49614_k141_2306863,0.01971109120356209,1.4422261356796756e-05,0.5007776049766719
SM,201630,49614--sample_49614_k141_1359850,0.020840269046463133,1.6460470444178393e-05,0.5011673151750973
SM,201630,49614--sample_49614_k141_559284,0.01969614896244561,1.4427307529138432e-05,0.5007776049766719
SM,201630,49614--sample_49614_k141_2091805,0.018456939727661797,1.2670972800088199e-05,0.5003885003885004
SM,201630,49614--sample_49614_k141_834841,0.018495307509158322,1.2621051379830622e-05,0.5003885003885004
SM,201630,49614--sample_49614_k141_135183,0.018523704481173468,1.2601876328050277e-05,0.5003885003885004
SM,201630,49614--sample_49614_k141_271904,0.01611836316081199,9.343821537804645e-06,0.49961210240496506
SM,201630,49614--sample_49614_k141_2240088,0.019636269855686846,1.4512798330854068e-05,0.5007776049766719
SM,201630,49614--sample_49614_k141_838838,0.022140017547349684,1.8419032670441528e-05,0.5015576323987538
SM,201630,49614--sample_49614_k141_331421,0.018516379071423606,1.259165488702511e-05,0.5003885003885004
SM,201630,49614--sample_49614_k141_1716839,0.018457581614097916,1.266194201244348e-05,0.5003885003885004
SM,201630,49614--sample_49614_k141_1819997,0.01844503734459466,1.2623990984411709e-05,0.5003885003885004
SM,201630,49614--sample_49614_k141_1586341,0.024533538678806432,2.2932423130821237e-05,0.5023400936037441
SM,201630,49614--sample_49614_k141_2131776,0.02343233231249487,2.053942091445034e-05,0.5019485580670304
SM,201630,49614--sample_49614_k141_1339374,0.016015376205878767,9.330152737949045e-06,0.4992248062015504
SM,201630,49614--sample_49614_k141_31048,0.018383666446983964,1.2696541596972973e-05,0.5003885003885004
SM,201630,49614--sample_49614_k141_1871025,0.0231999815459967,2.0751094286283505e-05,0.5019485580670304
SM,201630,49614--sample_49614_k141_995602,0.012258794358035162,5.4838897252189055e-06,0.4984520123839009
SM,201630,49614--sample_49614_k141_459191,0.027052165297486473,2.7835060435303287e-05,0.503125
SM,201630,49614--sample_49614_k141_1160020,0.02213174732395295,1.842579664111606e-05,0.5015576323987538
SM,201630,49614--sample_49614_k141_871051,0.014728587229983277,7.948683634567027e-06,0.4992248062015504
SM,201630,49614--sample_49614_k141_1387103,0.014614290975152011,8.022187213463689e-06,0.4992248062015504
SM,201630,49614--sample_49614_k141_70929,0.015875980477421774,9.488189383141691e-06,0.49961210240496506
SM,201630,49614--sample_49614_k141_674158,0.0195744979550452,1.4534146592002472e-05,0.5007776049766719
SM,201630,49614--sample_49614_k141_148117,0.011005517658498555,4.381559430102262e-06,0.4980665119876257
SM,201630,49614--sample_49614_k141_2202806,0.015933348148509503,9.443259313802977e-06,0.49961210240496506
SM,201630,49614--sample_49614_k141_2190878,0.022242770600523456,1.834874796356791e-05,0.5015576323987538
SM,201630,49614--sample_49614_k141_1326880,0.02217375656771799,1.8369757005634796e-05,0.5015576323987538
SM,201630,49614--sample_49614_k141_2097207,0.01719095625997546,1.0977712901452684e-05,0.5
SM,201630,49614--sample_49614_k141_325554,0.024517270792647514,2.2953407628531727e-05,0.5023400936037441
SM,201630,49614--sample_49614_k141_658929,0.02212249628020068,1.8478752876343915e-05,0.5015576323987538
SM,201630,49614--sample_49614_k141_844689,0.018473211786898886,1.2623932492729926e-05,0.5003885003885004
SM,201630,49614--sample_49614_k141_1178427,0.0184087391402181,1.2673533390705973e-05,0.5003885003885004
SM,201630,49614--sample_49614_k141_924455,0.02106283376387026,1.623289554720269e-05,0.5011673151750973
SM,201630,49614--sample_49614_k141_548218,0.015974714240320122,9.39766070721601e-06,0.49961210240496506
SM,201630,49614--sample_49614_k141_157529,0.02198503705167647,1.8611140593660447e-05,0.5015576323987538
SM,201630,49614--sample_49614_k141_1043792,0.019548880798876723,1.4564618700271418e-05,0.5007776049766719
SM,201630,49614--sample_49614_k141_282500,0.01346218821476392,6.65782230811394e-06,0.4988381099922541
SM,201630,49614--sample_49614_k141_1047512,0.017323152890513397,1.088944370541213e-05,0.5
SM,201630,49614--sample_49614_k141_1812456,0.01717778929868004,1.1015091536579498e-05,0.5
SM,201630,49614--sample_49614_k141_991277,0.018476110062304246,1.2665308468172736e-05,0.5003885003885004
SM,201630,49614--sample_49614_k141_2155159,0.020873977655736408,1.646874069140233e-05,0.5011673151750973
SM,201630,49614--sample_49614_k141_1515117,0.0182476162692734,1.283912875791159e-05,0.5003885003885004
SM,201630,49614--sample_49614_k141_1610034,0.01605084489605154,9.350525312355591e-06,0.49961210240496506
SM,201630,49614--sample_49614_k141_438690,0.022202929159173865,1.8336741132237356e-05,0.5015576323987538
SM,201630,49614--sample_49614_k141_2037150,0.018368557371082037,1.275185408439902e-05,0.5003885003885004
SM,201630,49614--sample_49614_k141_67510,0.015995985368817592,9.397751609295906e-06,0.49961210240496506
SM,201630,49614--sample_49614_k141_1822828,0.023467069879822916,2.0491113283513982e-05,0.5019485580670304
SM,201630,49614--sample_49614_k141_2097969,0.02334875388653862,2.0651428408278168e-05,0.5019485580670304
SM,201630,49614--sample_49614_k141_2301029,0.023465907487048715,2.0442351128439013e-05,0.5019485580670304
SM,201630,49614--sample_49614_k141_2118289,0.017024267880798055,1.1084943895066624e-05,0.5
SM,201630,49614--sample_49614_k141_1139755,0.018343270105458782,1.2765832014677707e-05,0.5003885003885004
SM,201630,49614--sample_49614_k141_1080344,0.013529294766071858,6.646623851021235e-06,0.4988381099922541
SM,201630,49614--sample_49614_k141_1880545,0.02224798003552158,1.8293883595812487e-05,0.5015576323987538
SM,201630,49614--sample_49614_k141_326091,0.024652488251903602,2.28344145211153e-05,0.5023400936037441
SM,201630,49614--sample_49614_k141_1735259,0.023337095255760543,2.062575680469358e-05,0.5019485580670304
SM,201630,49614--sample_49614_k141_2139246,0.020988752604175202,1.632672695267476e-05,0.5011673151750973
SM,201630,49614--sample_49614_k141_178616,0.024698378648642157,2.276555392349084e-05,0.5023400936037441
SM,201630,49614--sample_49614_k141_759014,0.019686170792607347,1.4465911176821834e-05,0.5007776049766719
SM,201630,49614--sample_49614_k141_2133054,0.025790900729111603,2.5300616558502273e-05,0.5027322404371585
SM,201630,49614--sample_49614_k141_31529,0.020800161565729742,1.6432155032306645e-05,0.5011673151750973
SM,201630,49614--sample_49614_k141_2215540,0.02578052026337379,2.5328493729996068e-05,0.5027322404371585
SM,201630,49614--sample_49614_k141_1884003,0.019715227552098497,1.4400451112654765e-05,0.5007776049766719
SM,201630,49614--sample_49614_k141_1264935,0.024500544524448976,2.298966762582349e-05,0.5023400936037441
SM,201630,49614--sample_49614_k141_2180922,0.018552160299253648,1.2517120834120017e-05,0.5003885003885004
SM,201630,49614--sample_49614_k141_111426,0.023478070539628436,2.0522720879365876e-05,0.5019485580670304
SM,201630,49614--sample_49614_k141_1220811,0.024409912213943678,2.306126237401418e-05,0.5023400936037441
SM,201630,49614--sample_49614_k141_1429385,0.01728117879438391,1.0903475999196954e-05,0.5
SM,201630,49614--sample_49614_k141_1044103,0.015911836109657143,9.434108245059032e-06,0.49961210240496506
SM,201630,49614--sample_49614_k141_382567,0.020901839094343688,1.6362035913465368e-05,0.5011673151750973
SM,201630,49614--sample_49614_k141_1960330,0.016083688439167736,9.30758201283936e-06,0.4992248062015504
SM,201630,49614--sample_49614_k141_1204302,0.018426468092387478,1.2657331265074888e-05,0.5003885003885004
SM,201630,49614--sample_49614_k141_1362863,0.01833878784301134,1.273609307330841e-05,0.5003885003885004
SM,201630,49614--sample_49614_k141_562944,0.01842112070926974,1.2665095755016172e-05,0.5003885003885004
SM,201630,49614--sample_49614_k141_267755,0.018550365099017415,1.2558669964658357e-05,0.5003885003885004
SM,201630,49614--sample_49614_k141_1049069,0.025774782587907566,2.5364419627863703e-05,0.5027322404371585
SM,201630,49614--sample_49614_k141_2236854,0.01964680267278035,1.446787426563137e-05,0.5007776049766719
SM,201630,49614--sample_49614_k141_345881,0.017318107839392152,1.0885824858947549e-05,0.5
SM,201630,49614--sample_49614_k141_1709526,0.018362809774133838,1.2739863606217081e-05,0.5003885003885004
SM,201630,49614--sample_49614_k141_1273134,0.018466423294737622,1.2604621267644304e-05,0.5003885003885004
SM,201630,49614--sample_49614_k141_1003738,0.02085476603591501,1.6437802744449e-05,0.5011673151750973
SM,201630,49614--sample_49614_k141_155685,0.015899722927576833,9.45363706212222e-06,0.49961210240496506
SM,201630,49614--sample_49614_k141_799411,0.02082532729999233,1.646808028574033e-05,0.5011673151750973
SM,201630,49614--sample_49614_k141_1876905,0.011056277940190696,4.3342003738565954e-06,0.49768160741885625
SM,201630,49614--sample_49614_k141_6229,0.02339790747067597,2.0520924809502524e-05,0.5019485580670304
SM,201630,49614--sample_49614_k141_899836,0.01701186552309267,1.1141707273117188e-05,0.5
SM,201630,49614--sample_49614_k141_262877,0.02088406098967785,1.6432870009990284e-05,0.5011673151750973
SM,201630,49614--sample_49614_k141_446802,0.02335290973873536,2.059303645888593e-05,0.5019485580670304
SM,201630,49614--sample_49614_k141_861245,0.020802775662330516,1.6459496297842808e-05,0.5011673151750973
SM,201630,49614--sample_49614_k141_1043592,0.021017865369385328,1.632077952751602e-05,0.5011673151750973
SM,201630,49614--sample_49614_k141_373499,0.018347356542458743,1.2712709345625583e-05,0.5003885003885004
SM,201630,49614--sample_49614_k141_1873429,0.02464368190887997,2.285311690260404e-05,0.5023400936037441
SM,201630,49614--sample_49614_k141_941148,0.022117272154904465,1.8426654967036715e-05,0.5015576323987538
SM,201630,49614--sample_49614_k141_334906,0.015895639095942982,9.447791272444707e-06,0.49961210240496506
SM,201630,49614--sample_49614_k141_317393,0.018458929825858495,1.2670477325654719e-05,0.5003885003885004
SM,201630,49614--sample_49614_k141_1942210,0.023360965691178775,2.057811271625676e-05,0.5019485580670304
SM,201630,49614--sample_49614_k141_914702,0.024497931944479533,2.2966470343207405e-05,0.5023400936037441
SM,201630,49614--sample_49614_k141_991415,0.01725189855247377,1.0954096602624565e-05,0.5
SM,201630,49614--sample_49614_k141_274775,0.0196115136948617,1.4514783511357602e-05,0.5007776049766719
SM,201630,49614--sample_49614_k141_2255621,0.025802237892295243,2.5299838122056765e-05,0.5027322404371585
SM,201630,49614--sample_49614_k141_52808,0.018457197173433526,1.2650218211232611e-05,0.5003885003885004
SM,201630,49614--sample_49614_k141_2244732,0.015969391951740648,9.413552462225897e-06,0.49961210240496506
SM,201630,49614--sample_49614_k141_1578368,0.02093906692939778,1.6309068389393425e-05,0.5011673151750973
SM,201630,49614--sample_49614_k141_915233,0.018438681330826965,1.2664555914689517e-05,0.5003885003885004
SM,201630,49614--sample_49614_k141_199705,0.017322230083317607,1.0874134536386976e-05,0.5
SM,201630,49614--sample_49614_k141_897184,0.014685183449452717,8.01565521500398e-06,0.4992248062015504
SM,201630,49614--sample_49614_k141_1964044,0.01598588981653315,9.400030578067393e-06,0.49961210240496506
SM,201630,49614--sample_49614_k141_802310,0.02337447746033834,2.0574102540781537e-05,0.5019485580670304
SM,201630,49614--sample_49614_k141_1636768,0.014778701062287729,7.943200727277744e-06,0.4992248062015504
SM,201630,49614--sample_49614_k141_1410062,0.01704031523562984,1.1069360372014179e-05,0.5
SM,201630,49614--sample_49614_k141_2239437,0.018377244113753282,1.2657853706465591e-05,0.5003885003885004
SM,201630,49614--sample_49614_k141_380558,0.018439103396268676,1.263617293905632e-05,0.5003885003885004
SM,201630,49614--sample_49614_k141_825477,0.017112065758056932,1.103762597746218e-05,0.5
SM,201630,49614--sample_49614_k141_1431426,0.016060744685092748,9.339800323305008e-06,0.49961210240496506
SM,201630,49614--sample_49614_k141_782554,0.0270244235304326,2.7876141808965177e-05,0.503125
SM,201630,49614--sample_49614_k141_1469720,0.017209083981704853,1.0938845370130414e-05,0.5
SM,201630,49614--sample_49614_k141_1483598,0.020812705156050337,1.6509498491506517e-05,0.5011673151750973
SM,201630,49614--sample_49614_k141_1641711,0.018543613057237045,1.2540585909819844e-05,0.5003885003885004
SM,201630,49614--sample_49614_k141_430119,0.022046663485444307,1.8519326452826038e-05,0.5015576323987538
SM,201630,49614--sample_49614_k141_1480657,0.024494170577066245,2.2995632926590708e-05,0.5023400936037441
SM,201630,49614--sample_49614_k141_1548523,0.019692029189330745,1.4420614181249303e-05,0.5007776049766719
SM,201630,49614--sample_49614_k141_1466444,0.022054489861882864,1.8523305973058554e-05,0.5015576323987538
SM,201630,49614--sample_49614_k141_997447,0.01960893510559373,1.4463263073746833e-05,0.5007776049766719
SM,201630,49614--sample_49614_k141_781022,0.014853375277269834,7.849054826783855e-06,0.4992248062015504
SM,201630,49614--sample_49614_k141_2199480,0.01840688821797515,1.2674233357803288e-05,0.5003885003885004
SM,201630,49614--sample_49614_k141_1705538,0.015978320245439236,9.442778826856845e-06,0.49961210240496506
SM,201630,49614--sample_49614_k141_1802869,0.01602362170687984,9.383024435050495e-06,0.49961210240496506
SM,201630,49614--sample_49614_k141_976496,0.017257874735968196,1.0873530443579773e-05,0.5
SM,201630,49614--sample_49614_k141_1998437,0.01600596268722125,9.362378781843911e-06,0.49961210240496506
SM,201630,49614--sample_49614_k141_802719,0.01718832706720401,1.0902402091588154e-05,0.5
SM,201630,49614--sample_49614_k141_177839,0.02089554212797533,1.641214774415765e-05,0.5011673151750973
SM,201630,49614--sample_49614_k141_1735303,0.018409078735492766,1.2608096676558579e-05,0.5003885003885004
SM,201630,49614--sample_49614_k141_1404475,0.02346453290104262,2.0461147097885934e-05,0.5019485580670304
SM,201630,49614--sample_49614_k141_730698,0.020852705602195414,1.644470066046924e-05,0.5011673151750973
SM,201630,49614--sample_49614_k141_154118,0.01845984148393754,1.2638652597700309e-05,0.5003885003885004
SM,201630,49614--sample_49614_k141_514814,0.020875462028678633,1.645588091295133e-05,0.5011673151750973
SM,201630,49614--sample_49614_k141_1898739,0.019713691873141273,1.4438092911436818e-05,0.5007776049766719
SM,201630,49614--sample_49614_k141_470294,0.02575968888161277,2.5371285772285445e-05,0.5027322404371585
SM,201630,49614--sample_49614_k141_927748,0.020814204737408196,1.6483533961057923e-05,0.5011673151750973
SM,201630,49614--sample_49614_k141_204516,0.02207950825690967,1.8475187810442157e-05,0.5015576323987538
SM,201630,49614--sample_49614_k141_471890,0.0196927850063805,1.446543688458293e-05,0.5007776049766719
SM,201630,49614--sample_49614_k141_346409,0.024646640096816372,2.283310886665947e-05,0.5023400936037441
SM,201630,49614--sample_49614_k141_1537708,0.0221272535356563,1.8398362638330683e-05,0.5015576323987538
SM,201630,49614--sample_49614_k141_1306799,0.018395524169311384,1.2709911213294387e-05,0.5003885003885004
SM,201630,49614--sample_49614_k141_66793,0.0234894776003919,2.0439453280118276e-05,0.5019485580670304
SM,201630,49614--sample_49614_k141_989275,0.01969675197531521,1.4468215710317516e-05,0.5007776049766719
SM,201630,49614--sample_49614_k141_1514836,0.0183290328959363,1.2678126648412968e-05,0.5003885003885004
SM,201630,49614--sample_49614_k141_1277494,0.019587584135915156,1.4459460441189757e-05,0.5007776049766719
SM,201630,49614--sample_49614_k141_1991756,0.01836789407178771,1.2734681709017677e-05,0.5003885003885004
SM,201630,49614--sample_49614_k141_1765056,0.012413597850046672,5.325160553458057e-06,0.4984520123839009
SM,201630,49614--sample_49614_k141_948677,0.018469960379177842,1.2641496888441935e-05,0.5003885003885004
SM,201630,49614--sample_49614_k141_1781326,0.023354030437073906,2.064656709042539e-05,0.5019485580670304
SM,201630,49614--sample_49614_k141_14914,0.01967064815688083,1.4497342487626211e-05,0.5007776049766719
SM,201630,49614--sample_49614_k141_1024350,0.018432193048063126,1.2651669758172094e-05,0.5003885003885004
SM,201630,49614--sample_49614_k141_643060,0.01598412025473894,9.417284380324725e-06,0.49961210240496506
SM,201630,49614--sample_49614_k141_347653,0.02458661022069004,2.293734279361828e-05,0.5023400936037441
SM,201630,49614--sample_49614_k141_826830,0.02458424697808395,2.2887487792391125e-05,0.5023400936037441
SM,201630,49614--sample_49614_k141_1543738,0.020925613931771586,1.6418917685723457e-05,0.5011673151750973
SM,201630,49614--sample_49614_k141_405254,0.0196597278542364,1.4426526091993068e-05,0.5007776049766719
SM,201630,49614--sample_49614_k141_1562782,0.01855265742306368,1.2562685145563464e-05,0.5003885003885004
SM,201630,49614--sample_49614_k141_1907383,0.01833499215241889,1.2753929572829527e-05,0.5003885003885004
SM,201630,49614--sample_49614_k141_841379,0.014843280676038408,7.894405648344155e-06,0.4992248062015504
SM,201630,49614--sample_49614_k141_1233744,0.019630455455185575,1.4419252107993073e-05,0.5007776049766719
SM,201630,49614--sample_49614_k141_769477,0.014821677198176682,7.90496479329707e-06,0.4992248062015504
SM,201630,49614--sample_49614_k141_424750,0.020791519487987156,1.6501101470636303e-05,0.5011673151750973
SM,201630,49614--sample_49614_k141_94425,0.014773240266487533,7.949335321175667e-06,0.4992248062015504
SM,201630,49614--sample_49614_k141_164102,0.020745180281662265,1.6513987380485244e-05,0.5011673151750973
SM,201630,49614--sample_49614_k141_345191,0.014787226247806217,7.918872256565187e-06,0.4992248062015504
SM,201630,49614--sample_49614_k141_9421,0.019660537384637834,1.4495304974372226e-05,0.5007776049766719
SM,201630,49614--sample_49614_k141_653688,0.024600393565598486,2.292714803581364e-05,0.5023400936037441
SM,201630,49614--sample_49614_k141_2023550,0.02089430882103465,1.6375467639140866e-05,0.5011673151750973
SM,201630,49614--sample_49614_k141_1060450,0.01977862768328561,1.4364830847249199e-05,0.5007776049766719
SM,201630,49614--sample_49614_k141_664059,0.01840502164035137,1.2674646230844501e-05,0.5003885003885004
SM,201630,49614--sample_49614_k141_1372677,0.015957017810907605,9.416736213455458e-06,0.49961210240496506
SM,201630,49614--sample_49614_k141_1178417,0.023349965380615706,2.0669712655195064e-05,0.5019485580670304
SM,201630,49614--sample_49614_k141_1102734,0.01230793945163208,5.407227692074694e-06,0.4984520123839009
SM,201630,49614--sample_49614_k141_1537015,0.01600481686143827,9.360963285019813e-06,0.49961210240496506
SM,201630,49614--sample_49614_k141_1594800,0.014759666610079714,7.943285779256904e-06,0.4992248062015504
SM,201630,49614--sample_49614_k141_715581,0.02579894516329454,2.528262962344067e-05,0.5027322404371585
SM,201630,49614--sample_49614_k141_569077,0.020848609640028673,1.6434734795654917e-05,0.5011673151750973
SM,201630,49614--sample_49614_k141_155282,0.019545892357783264,1.4614922436012208e-05,0.5007776049766719
SM,201630,49614--sample_49614_k141_1912022,0.023254050205914898,2.0725757077241693e-05,0.5019485580670304
SM,201630,49614--sample_49614_k141_1674154,0.02324034259439707,2.0695920546945655e-05,0.5019485580670304
SM,201630,49614--sample_49614_k141_812294,0.01856231713877909,1.2530118154143057e-05,0.5003885003885004
SM,201630,49614--sample_49614_k141_1135820,0.00849744472414324,2.5668938418770454e-06,0.49576597382602
SM,201630,49614--sample_49614_k141_1493257,0.018469870828018216,1.264531037480246e-05,0.5003885003885004
SM,201630,49614--sample_49614_k141_1744629,0.017332138941301475,1.0858843183765156e-05,0.5
SM,201630,49614--sample_49614_k141_464736,0.013410679119591495,6.67473402542362e-06,0.4988381099922541
SM,201630,49614--sample_49614_k141_716258,0.015884706028115498,9.456174240303081e-06,0.49961210240496506
SM,201630,49614--sample_49614_k141_969590,0.017360223289947227,1.0801304060066219e-05,0.5
SM,201630,49614--sample_49614_k141_335903,0.022160630862225587,1.8441138079430602e-05,0.5015576323987538
SM,201630,49614--sample_49614_k141_795014,0.018361316884567956,1.2719114091948772e-05,0.5003885003885004
SM,201630,49614--sample_49614_k141_1901194,0.01605710192474834,9.342910690146546e-06,0.49961210240496506
SM,201630,49614--sample_49614_k141_594973,0.01711796098999985,1.1053371770112498e-05,0.5
SM,201630,49614--sample_49614_k141_603743,0.02222627863370459,1.831381980399695e-05,0.5015576323987538
SM,201630,49614--sample_49614_k141_1208694,0.018404852643028026,1.2717494032861871e-05,0.5003885003885004
SM,201630,49614--sample_49614_k141_1609013,0.024499397100469483,2.30110688651197e-05,0.5023400936037441
SM,201630,49614--sample_49614_k141_67942,0.027033215334386483,2.7875555376530555e-05,0.503125
SM,201630,49614--sample_49614_k141_846583,0.01847548872199768,1.2637869686192746e-05,0.5003885003885004
SM,201630,49614--sample_49614_k141_325235,0.01969763519014198,1.4454582979722445e-05,0.5007776049766719
SM,201630,49614--sample_49614_k141_2305531,0.019661717215489396,1.4462038688001677e-05,0.5007776049766719
SM,201630,49614--sample_49614_k141_1792272,0.023348224391958952,2.057608079822749e-05,0.5019485580670304
SM,201630,49614--sample_49614_k141_743960,0.022100296213269165,1.8453857770245184e-05,0.5015576323987538
SM,201630,49614--sample_49614_k141_612250,0.016013642359833193,9.406839929920758e-06,0.49961210240496506
SM,201630,49614--sample_49614_k141_412145,0.018469024493040224,1.258190009643715e-05,0.5003885003885004
SM,201630,49620--sample_49620_k141_877568,0.020928404817653845,1.6341356971605973e-05,0.5011673151750973
SM,201630,49627--sample_49627_k141_882399,0.019610905439670666,1.4463657357560304e-05,0.5007776049766719
SM,201630,49625--sample_49625_k141_420390,0.02080652608128735,1.6469965943643127e-05,0.5011673151750973
SM,201630,49623--sample_49623_k141_465025,0.0233774927579608,2.0628701968395724e-05,0.5019485580670304
SM,201630,49626--sample_49626_k141_540134,0.020876049799263073,1.6396565107162383e-05,0.5011673151750973
SM,201630,49620--sample_49620_k141_767928,0.024453571296228795,2.3093569383293556e-05,0.5023400936037441
SM,201630,49620--sample_49620_k141_568710,0.022066033091312852,1.8458060953507864e-05,0.5015576323987538
SM,201630,49620--sample_49620_k141_806973,0.018348083860924135,1.27613321572832e-05,0.5003885003885004
SM,201630,49620--sample_49620_k141_567263,0.015951847634364753,9.36754197914767e-06,0.49961210240496506
SM,201630,49628--sample_49628_k141_531267,0.01968823003788011,1.4403319030195356e-05,0.5007776049766719
SM,201630,49623--sample_49623_k141_1041969,0.01234035915035928,5.389669266019161e-06,0.4980665119876257
SM,201630,49623--sample_49623_k141_608894,0.020815513097759544,1.648528344367787e-05,0.5011673151750973
SM,201630,49627--sample_49627_k141_597049,0.02202433253759785,1.8606674166280433e-05,0.5015576323987538
SM,201630,49620--sample_49620_k141_602635,0.01972648577578912,1.4425323460435992e-05,0.5007776049766719
SM,201630,49620--sample_49620_k141_662239,0.020799370434916083,1.6467111964756263e-05,0.5011673151750973
SM,201630,49624--sample_49624_k141_867497,0.019724460296129634,1.4428230590088297e-05,0.5007776049766719
SM,201630,49620--sample_49620_k141_684559,0.01600121171524095,9.349896182479014e-06,0.49961210240496506
SM,201630,49620--sample_49620_k141_520577,0.018410652169911685,1.2679553827048563e-05,0.5003885003885004
SM,201630,49620--sample_49620_k141_366325,0.013559634702465862,6.575860740518109e-06,0.4988381099922541
SM,201630,49623--sample_49623_k141_1264227,0.019686284633397628,1.4472388106332922e-05,0.5007776049766719
SM,201630,49620--sample_49620_k141_375368,0.02086861515057901,1.6382154217796983e-05,0.5011673151750973
SM,201630,49620--sample_49620_k141_593506,0.023389871172265937,2.0595367442371684e-05,0.5019485580670304
SM,201630,49624--sample_49624_k141_995177,0.02087394791537796,1.6382202065404404e-05,0.5011673151750973
SM,201630,49624--sample_49624_k141_206758,0.017197476104304874,1.0978610375110271e-05,0.5
SM,201630,49620--sample_49620_k141_689599,0.019549609699172184,1.4585146421438432e-05,0.5007776049766719
SM,201630,49623--sample_49623_k141_283004,0.015992292776694995,9.364252347793822e-06,0.49961210240496506
SM,201630,49621--sample_49621_k141_803927,0.02341341561175345,2.0549049529809747e-05,0.5019485580670304
SM,201630,49620--sample_49620_k141_756043,0.018328118230992625,1.2729361969048149e-05,0.5003885003885004
SM,201630,49624--sample_49624_k141_477029,0.0234549385452703,2.0513217024363817e-05,0.5019485580670304
SM,201630,49621--sample_49621_k141_972296,0.014900450431818748,7.900686889472703e-06,0.4992248062015504
SM,201630,49628--sample_49628_k141_401383,0.02201298037804904,1.857538215537833e-05,0.5015576323987538
SM,201630,49623--sample_49623_k141_553477,0.027010100940018277,2.7860084146616237e-05,0.503125
SM,201630,49620--sample_49620_k141_629507,0.02209660783581225,1.848577545651403e-05,0.5015576323987538
SM,201630,49627--sample_49627_k141_620853,0.017075900951393823,1.1048208280407966e-05,0.5
SM,201630,49620--sample_49620_k141_346511,0.021042869788462714,1.6271346622977e-05,0.5011673151750973
SM,201630,49620--sample_49620_k141_863497,0.01842694736708635,1.2649917482687907e-05,0.5003885003885004
SM,201630,49623--sample_49623_k141_418215,0.02098917272551953,1.635072146204125e-05,0.5011673151750973
SM,201630,49620--sample_49620_k141_802567,0.020907680648043735,1.6415199054588057e-05,0.5011673151750973
SM,201630,49628--sample_49628_k141_1208708,0.015997730757347863,9.404446392897032e-06,0.49961210240496506
SM,201630,49621--sample_49621_k141_484589,0.02100768508458342,1.631049002619929e-05,0.5011673151750973
SM,201630,49620--sample_49620_k141_809052,0.019629536980277616,1.4510386411415872e-05,0.5007776049766719
SM,201630,49628--sample_49628_k141_1213396,0.014685979177742475,7.986613732655645e-06,0.4992248062015504
SM,201630,49626--sample_49626_k141_546019,0.02330189734911097,2.0689257021814613e-05,0.5019485580670304
SM,201630,49620--sample_49620_k141_475529,0.023228292420608854,2.0771428563167188e-05,0.5019485580670304
SM,201630,49628--sample_49628_k141_1253647,0.023281740770302428,2.070188644135208e-05,0.5019485580670304
SM,201630,49627--sample_49627_k141_212427,0.02081002635301109,1.643007781532242e-05,0.5011673151750973
SM,201630,49628--sample_49628_k141_1537814,0.02338616414939749,2.0591749632493517e-05,0.5019485580670304
SM,201630,49625--sample_49625_k141_10991,0.011078945441362014,4.353721549085891e-06,0.49768160741885625
SM,201630,49628--sample_49628_k141_820141,0.019737237568962666,1.4453601486481431e-05,0.5007776049766719
SM,201630,49628--sample_49628_k141_935385,0.01857804236378245,1.2567129043093246e-05,0.5003885003885004
SM,201630,49622--sample_49622_k141_790072,0.02208896166348705,1.84639746176916e-05,0.5015576323987538
SM,201630,49627--sample_49627_k141_866654,0.019530095722358785,1.4593166066314905e-05,0.5007776049766719
SM,201630,49624--sample_49624_k141_512309,0.02452310329287511,2.3002038300484313e-05,0.5023400936037441
SM,201630,49620--sample_49620_k141_863061,0.018422305903891257,1.2663332929523777e-05,0.5003885003885004
SM,201630,49622--sample_49622_k141_1034107,0.024660085625801315,2.2802774662011187e-05,0.5023400936037441
SM,201630,49628--sample_49628_k141_1268454,0.02098174089835995,1.6354378717611456e-05,0.5011673151750973
SM,201630,49620--sample_49620_k141_890514,0.02089774079850963,1.642095506318311e-05,0.5011673151750973
SM,201630,49623--sample_49623_k141_1191385,0.01477809708882593,7.861221371036017e-06,0.4992248062015504
SM,201630,49620--sample_49620_k141_258666,0.023271629377184768,2.070294391564969e-05,0.5019485580670304
SM,201630,49623--sample_49623_k141_181373,0.020979501467352852,1.632242242619261e-05,0.5011673151750973
SM,201630,49625--sample_49625_k141_492119,0.0160088009912604,9.381056803413426e-06,0.49961210240496506
SM,201630,49620--sample_49620_k141_652095,0.022085904671918313,1.845371744403836e-05,0.5015576323987538
SM,201630,49626--sample_49626_k141_814437,0.01967232221578281,1.4442608051978626e-05,0.5007776049766719
SM,201630,49625--sample_49625_k141_135647,0.023394003980924935,2.0579734792295017e-05,0.5019485580670304
SM,201630,49627--sample_49627_k141_505944,0.02338452870741386,2.0555894758252918e-05,0.5019485580670304
SM,201630,49625--sample_49625_k141_178018,0.02696746162786111,2.800718763799179e-05,0.503125
SM,201630,49622--sample_49622_k141_1297772,0.020895368446856542,1.642541875460917e-05,0.5011673151750973
SM,201630,49623--sample_49623_k141_1029786,0.019724537656881303,1.4391859413953561e-05,0.5007776049766719
SM,201630,49623--sample_49623_k141_1276103,0.022273461718154627,1.8269641177319833e-05,0.5015576323987538
SM,201630,49627--sample_49627_k141_357650,0.02086062926130134,1.646136048433147e-05,0.5011673151750973
SM,201630,49625--sample_49625_k141_191759,0.013562358554820839,6.643216805624994e-06,0.4988381099922541
SM,201630,49628--sample_49628_k141_1435203,0.019466810442485036,1.4622447897079158e-05,0.5007776049766719
SM,201630,49624--sample_49624_k141_949654,0.014801990253944911,7.90255856780677e-06,0.4992248062015504
SM,201630,49620--sample_49620_k141_336548,0.019697399428639507,1.4439707220980915e-05,0.5007776049766719
SM,201630,49627--sample_49627_k141_712892,0.014784418469905585,7.934660948540267e-06,0.4992248062015504
SM,201630,49625--sample_49625_k141_465783,0.016036654720991295,9.360183827127911e-06,0.49961210240496506
SM,201630,49620--sample_49620_k141_347894,0.02213624047870738,1.8411245526564527e-05,0.5015576323987538
SM,201630,49623--sample_49623_k141_1338728,0.02094721008504371,1.6355705400369943e-05,0.5011673151750973
SM,201630,49620--sample_49620_k141_424640,0.020815286260524347,1.641518206410702e-05,0.5011673151750973
SM,201630,49623--sample_49623_k141_1065488,0.019591284500466113,1.452393281426451e-05,0.5007776049766719
SM,201630,49620--sample_49620_k141_573928,0.023446482210840426,2.0515449248828418e-05,0.5019485580670304
SM,201630,49625--sample_49625_k141_399586,0.02345123488256425,2.052680424106758e-05,0.5019485580670304
SM,201630,49620--sample_49620_k141_818604,0.01857205333606138,1.256860389814025e-05,0.5003885003885004
SM,201630,49623--sample_49623_k141_1327989,0.017239395236345607,1.089749281345668e-05,0.49961210240496506
SM,201630,49623--sample_49623_k141_196496,0.02096961044739179,1.632701748229535e-05,0.5011673151750973
SM,201630,49623--sample_49623_k141_852831,0.012286873699684139,5.452320914397986e-06,0.4984520123839009
SM,201630,49623--sample_49623_k141_882330,0.011023870550231444,4.338482670312206e-06,0.49691358024691357
SM,201630,49628--sample_49628_k141_1659717,0.013681516086977662,6.505237809388421e-06,0.4988381099922541
SM,201630,49621--sample_49621_k141_1024002,0.019639444628193937,1.4488009085973052e-05,0.5007776049766719
SM,201630,49623--sample_49623_k141_568308,0.019527128415022587,1.4608513461010416e-05,0.5007776049766719
SM,201630,49623--sample_49623_k141_1126180,0.014717304617117436,7.943540330114647e-06,0.4992248062015504
SM,201630,49624--sample_49624_k141_355515,0.0282838174815186,3.049089813779988e-05,0.5035183737294762
SM,201630,49620--sample_49620_k141_765559,0.02095375570636185,1.634461521494572e-05,0.5011673151750973
SM,201630,49620--sample_49620_k141_785383,0.023405998504927798,2.0547183778910094e-05,0.5019485580670304
SM,201630,49620--sample_49620_k141_92767,0.019681409401773788,1.4429464428253298e-05,0.5007776049766719
SM,201630,49624--sample_49624_k141_928685,0.018369232596597215,1.2703731292660876e-05,0.5003885003885004
SM,201630,49620--sample_49620_k141_709303,0.018396861293489452,1.2647696708046443e-05,0.5003885003885004
SM,201630,49623--sample_49623_k141_1060510,0.022140731055983524,1.842732872481935e-05,0.5015576323987538
SM,201630,49623--sample_49623_k141_524298,0.01609839894068982,9.291577845452067e-06,0.49961210240496506
SM,201630,49621--sample_49621_k141_875236,0.01725305027664713,1.090087130091395e-05,0.5
SM,201630,49627--sample_49627_k141_272944,0.01968626614991386,1.446900424611263e-05,0.5007776049766719
SM,201630,49621--sample_49621_k141_402365,0.012225573054951113,5.4630647250829475e-06,0.4984520123839009
SM,201630,49620--sample_49620_k141_88663,0.02082408568012811,1.6447635997613915e-05,0.5011673151750973
SM,201630,49620--sample_49620_k141_486486,0.020962248325175244,1.6337072072934338e-05,0.5011673151750973
SM,201630,49623--sample_49623_k141_1358298,0.022153793885778244,1.8448124639578427e-05,0.5015576323987538
SM,201630,49627--sample_49627_k141_218199,0.017173954704485902,1.0984659071490256e-05,0.5
SM,201630,49623--sample_49623_k141_232736,0.023322870653603153,2.0648398171883885e-05,0.5019485580670304
SM,201630,49620--sample_49620_k141_901985,0.018439319720038795,1.2703943681231741e-05,0.5003885003885004
SM,201630,49620--sample_49620_k141_646366,0.024709764499434565,2.2726558351246774e-05,0.5023400936037441
SM,201630,49623--sample_49623_k141_960129,0.024599704771389157,2.289982150400188e-05,0.5023400936037441
SM,201630,49623--sample_49623_k141_241059,0.019606956104578733,1.4469526574451557e-05,0.5007776049766719
SM,201630,49620--sample_49620_k141_853985,0.023249158809314434,2.0705525044700384e-05,0.5019485580670304
SM,201630,49622--sample_49622_k141_1306273,0.01949316416191062,1.4571204694426851e-05,0.5007776049766719
SM,201630,49620--sample_49620_k141_365374,0.019699658864809608,1.4414249412385028e-05,0.5007776049766719
SM,201630,49623--sample_49623_k141_564461,0.017243001070577774,1.095793727811913e-05,0.5
SM,201630,49628--sample_49628_k141_1640420,0.025694178966581254,2.548994346044067e-05,0.5027322404371585
SM,201630,49628--sample_49628_k141_718209,0.024550256047886614,2.295846172333643e-05,0.5023400936037441
SM,201630,49623--sample_49623_k141_760367,0.015927483556103527,9.419812478135245e-06,0.49961210240496506
SM,201630,49620--sample_49620_k141_49753,0.018380580344229815,1.2686416297059325e-05,0.5003885003885004
SM,201630,49623--sample_49623_k141_661486,0.018464619464528587,1.265885380942751e-05,0.5003885003885004
SM,201630,49627--sample_49627_k141_195166,0.020923988049939512,1.63825652246799e-05,0.5011673151750973
SM,201630,49628--sample_49628_k141_1299248,0.022213163389588862,1.8377894008845486e-05,0.5015576323987538
SM,201630,49623--sample_49623_k141_938959,0.020791183181276103,1.6494524456167884e-05,0.5011673151750973
SM,201630,49624--sample_49624_k141_533801,0.018304887209704586,1.2763395758959466e-05,0.5003885003885004
SM,201630,49621--sample_49621_k141_224055,0.02329149677663765,2.0680833043755554e-05,0.5019485580670304
SM,201630,49627--sample_49627_k141_323121,0.020943371440962134,1.628602490974206e-05,0.5011673151750973
SM,201630,49623--sample_49623_k141_457796,0.025716545620356204,2.549319758278258e-05,0.5027322404371585
SM,201630,49626--sample_49626_k141_755790,0.020760668238843486,1.6523101021810337e-05,0.5011673151750973
SM,201630,49625--sample_49625_k141_454481,0.01612743767256534,9.326615777456686e-06,0.49961210240496506
SM,201630,49620--sample_49620_k141_70641,0.01948291936310966,1.458899635417362e-05,0.5007776049766719
SM,201630,49624--sample_49624_k141_97572,0.025827728785716035,2.527306950630615e-05,0.5027322404371585
SM,201630,49620--sample_49620_k141_418151,0.022171034266747557,1.841226504957351e-05,0.5015576323987538
SM,201630,49621--sample_49621_k141_1010389,0.025862942486791777,2.5233649060493358e-05,0.5027322404371585
SM,201630,49620--sample_49620_k141_919365,0.020866643586872142,1.6401862024795987e-05,0.5011673151750973
SM,201630,49620--sample_49620_k141_259532,0.01714539256764919,1.1034952983081455e-05,0.5
SM,201630,49622--sample_49622_k141_1244156,0.020744319575042455,1.6549363558643477e-05,0.5011673151750973
SM,201630,49628--sample_49628_k141_1125359,0.020925358586033022,1.6357906893303377e-05,0.5011673151750973
SM,201630,49623--sample_49623_k141_559190,0.019652653916913718,1.4463922826303519e-05,0.5007776049766719
SM,201630,49623--sample_49623_k141_711938,0.01600158406808866,9.374469186644928e-06,0.49961210240496506
SM,201630,49620--sample_49620_k141_466066,0.020995362400829262,1.632112249412902e-05,0.5011673151750973
SM,201630,49620--sample_49620_k141_378483,0.020985050072502603,1.632385559065458e-05,0.5011673151750973
SM,201630,49628--sample_49628_k141_1675224,0.021012030385355613,1.629247381408108e-05,0.5011673151750973
SM,201630,49624--sample_49624_k141_797817,0.019597528249554592,1.4464818641889372e-05,0.5007776049766719
SM,201630,49623--sample_49623_k141_1243082,0.012339685940806056,5.392539527560782e-06,0.4984520123839009
SM,201630,49623--sample_49623_k141_785898,0.02088847455430014,1.636028788249383e-05,0.5011673151750973
SM,201630,49621--sample_49621_k141_1034486,0.014705257029888485,7.997753712091245e-06,0.4992248062015504
SM,201630,49620--sample_49620_k141_889730,0.015967780107003934,9.38708637612851e-06,0.49961210240496506
SM,201630,49620--sample_49620_k141_671303,0.01967406077971385,1.4490989170862133e-05,0.5007776049766719
SM,201630,49624--sample_49624_k141_567864,0.016029138830967803,9.374281239612865e-06,0.49961210240496506
SM,201630,49620--sample_49620_k141_905364,0.01829176703196725,1.2818694951477022e-05,0.5003885003885004
SM,201630,49620--sample_49620_k141_878908,0.014624514017706177,8.021106016443691e-06,0.4992248062015504
SM,201630,49620--sample_49620_k141_27744,0.01833343514795695,1.2704987102215803e-05,0.5003885003885004
SM,201630,49624--sample_49624_k141_1056874,0.019635499906036878,1.4491190701743616e-05,0.5007776049766719
SM,201630,49627--sample_49627_k141_864816,0.01839642444502692,1.267635760912296e-05,0.5003885003885004
SM,201630,49623--sample_49623_k141_677674,0.018586241683069715,1.2494912704432678e-05,0.5003885003885004
SM,201630,49620--sample_49620_k141_389073,0.01973098130761339,1.4417169436724345e-05,0.5007776049766719
SM,201630,49627--sample_49627_k141_829165,0.01965733482200782,1.4447188788682406e-05,0.5007776049766719
SM,201630,49627--sample_49627_k141_469894,0.024689075601183608,2.280131797185128e-05,0.5023400936037441
SM,201630,49620--sample_49620_k141_882757,0.022174175238841135,1.8416333929424203e-05,0.5015576323987538
SM,201630,49621--sample_49621_k141_71256,0.024501853713689414,2.2942935700809012e-05,0.5023400936037441
SM,201630,49620--sample_49620_k141_774058,0.016052614909529497,9.377894792772034e-06,0.49961210240496506
SM,201630,49623--sample_49623_k141_1064114,0.01964738805224453,1.4499802508843647e-05,0.5007776049766719
SM,201630,49623--sample_49623_k141_500018,0.019610223620899456,1.4428401300399476e-05,0.5007776049766719
SM,201630,49620--sample_49620_k141_289863,0.022235139125439268,1.834988311757295e-05,0.5015576323987538
SM,201630,49623--sample_49623_k141_1029074,0.014806703814099332,7.877972340369695e-06,0.4992248062015504
SM,201630,49623--sample_49623_k141_767519,0.025807604682976906,2.5281086823158666e-05,0.5027322404371585
SM,201630,49621--sample_49621_k141_584922,0.02458030678690166,2.2858494897471986e-05,0.5023400936037441
SM,201630,49623--sample_49623_k141_779668,0.014604240202921805,8.051049572547267e-06,0.4992248062015504
SM,201630,49620--sample_49620_k141_491955,0.018350653627189174,1.2724746833219605e-05,0.5003885003885004
SM,201630,49628--sample_49628_k141_1420505,0.017118505474254125,1.1066530656277177e-05,0.5
SM,201630,49627--sample_49627_k141_787512,0.025784375050756012,2.5322976247262713e-05,0.5027322404371585
SM,201630,49622--sample_49622_k141_677407,0.012308192634069275,5.393166969754988e-06,0.4984520123839009
SM,201630,49620--sample_49620_k141_660138,0.016023455849756413,9.373117255739696e-06,0.49961210240496506
SM,201630,49623--sample_49623_k141_854348,0.013529035517268348,6.6106891411575155e-06,0.4988381099922541
SM,201630,49624--sample_49624_k141_725260,0.018479865881952995,1.2626219945461039e-05,0.5003885003885004
SM,201630,49627--sample_49627_k141_117580,0.019661081644841445,1.445539758412177e-05,0.5007776049766719
SM,201630,49623--sample_49623_k141_1085947,0.014749911976516926,7.927154128462525e-06,0.4992248062015504
SM,201630,49623--sample_49623_k141_1306255,0.018363395564003245,1.2695338126416361e-05,0.5003885003885004
SM,201630,49620--sample_49620_k141_894471,0.019761601466744765,1.4349648818424826e-05,0.5007776049766719
SM,201630,49620--sample_49620_k141_704684,0.022033682494694527,1.8531625523738844e-05,0.5015576323987538
SM,201630,49628--sample_49628_k141_1721245,0.01971237610935709,1.441389976615144e-05,0.5007776049766719
SM,201630,49628--sample_49628_k141_999266,0.02071730481180758,1.6526343623802343e-05,0.5011673151750973
SM,201630,49628--sample_49628_k141_813340,0.02091263597424274,1.643546429796259e-05,0.5011673151750973
SM,201630,49620--sample_49620_k141_752177,0.01963985376727061,1.44817182640326e-05,0.5007776049766719
SM,201630,49620--sample_49620_k141_108148,0.018458662632564873,1.262104510771721e-05,0.5003885003885004
SM,201630,49620--sample_49620_k141_305001,0.018383800005546114,1.2638567855868481e-05,0.5003885003885004
SM,201630,49620--sample_49620_k141_809408,0.018432093047540992,1.2669909833411755e-05,0.5003885003885004
SM,201630,49620--sample_49620_k141_298856,0.02096880916889516,1.630125687468727e-05,0.5011673151750973
SM,201630,49620--sample_49620_k141_845971,0.019736153658960864,1.4400843905954043e-05,0.5007776049766719
SM,201630,49620--sample_49620_k141_473883,0.017207102748318125,1.0935321617146221e-05,0.5
SM,201630,49623--sample_49623_k141_1322247,0.019609945947572205,1.4483261690261888e-05,0.5007776049766719
SM,201630,49623--sample_49623_k141_1050270,0.017087037070057473,1.1115328155940958e-05,0.5
SM,201630,49627--sample_49627_k141_741011,0.02066027592959453,1.6599829092355346e-05,0.5011673151750973
SM,201630,49620--sample_49620_k141_880152,0.02210465322708043,1.8437002645099332e-05,0.5015576323987538
SM,201630,49620--sample_49620_k141_311412,0.017240973395941387,1.0883169854272548e-05,0.5
SM,201630,49627--sample_49627_k141_604251,0.019714664290763736,1.4397511635670762e-05,0.5007776049766719
SM,201630,49620--sample_49620_k141_862254,0.019712006836143704,1.4416013884848995e-05,0.5007776049766719
SM,201630,49620--sample_49620_k141_858421,0.0220639551418002,1.8492649936492746e-05,0.5015576323987538
SM,201630,49628--sample_49628_k141_1354571,0.018568765358030103,1.2589699243728635e-05,0.5003885003885004
SM,201630,49623--sample_49623_k141_974752,0.01595946621435287,9.449392603069647e-06,0.49961210240496506
SM,201630,49625--sample_49625_k141_104980,0.014778283264999558,7.930481705053824e-06,0.4992248062015504
SM,201630,49620--sample_49620_k141_897547,0.015872420505150527,9.436956311726855e-06,0.49961210240496506
SM,201630,49623--sample_49623_k141_305095,0.024629843546400743,2.280811966261456e-05,0.5023400936037441
SM,201630,49620--sample_49620_k141_707658,0.008749849553288768,2.484327339848863e-06,0.49653045489591363
SM,201630,49620--sample_49620_k141_464296,0.012356310802344946,5.385514411204224e-06,0.4984520123839009
SM,201630,49620--sample_49620_k141_58738,0.022035070105726903,1.8525912181974696e-05,0.5015576323987538
SM,201630,49620--sample_49620_k141_221339,0.022158546297193833,1.84035493785119e-05,0.5015576323987538
SM,201630,49620--sample_49620_k141_519009,0.02327535857286425,2.0648130875364592e-05,0.5019485580670304
SM,201630,49620--sample_49620_k141_785591,0.0221134276292156,1.8449518783350984e-05,0.5015576323987538
SM,201630,49620--sample_49620_k141_545144,0.01602515165096376,9.34085063099113e-06,0.49961210240496506
SM,201630,49627--sample_49627_k141_689341,0.02582014521347392,2.5304787614469436e-05,0.5027322404371585
SM,201630,49628--sample_49628_k141_443953,0.02092740917905942,1.637439827596756e-05,0.5011673151750973
SM,201630,49623--sample_49623_k141_909731,0.02333551805609065,2.0600360529911443e-05,0.5019485580670304
SM,201630,49623--sample_49623_k141_745389,0.013431879411404207,6.698068954663573e-06,0.4988381099922541
SM,201630,49620--sample_49620_k141_123959,0.020811920670901728,1.6408812783479053e-05,0.5011673151750973
SM,201630,49621--sample_49621_k141_18954,0.02216383199340304,1.845730077671381e-05,0.5015576323987538
SM,201630,49620--sample_49620_k141_611392,0.02347178901887205,2.049367124325717e-05,0.5019485580670304
SM,201630,49620--sample_49620_k141_34923,0.01967884919831068,1.4440355220199425e-05,0.5007776049766719
SM,201630,49627--sample_49627_k141_825498,0.023389398710482203,2.0569903509918557e-05,0.5019485580670304
SM,201630,49620--sample_49620_k141_426288,0.020874363851507927,1.6419481737432023e-05,0.5011673151750973
SM,201630,49620--sample_49620_k141_797190,0.017249634236768823,1.097128714036562e-05,0.5
SM,201630,49620--sample_49620_k141_878757,0.02199876553441263,1.8543765751051762e-05,0.5015576323987538
SM,201630,49620--sample_49620_k141_612686,0.016068868797421528,9.339171962561529e-06,0.49961210240496506
SM,201630,49620--sample_49620_k141_336042,0.015869451829621895,9.476132162039134e-06,0.49961210240496506
SM,201630,49628--sample_49628_k141_1344925,0.022083285685958052,1.851082379968822e-05,0.5015576323987538
SM,201630,49621--sample_49621_k141_767634,0.014878070972103119,7.869972826041024e-06,0.4992248062015504
SM,201630,49628--sample_49628_k141_1441280,0.01483379708048783,7.893754626360417e-06,0.4992248062015504
SM,201630,49625--sample_49625_k141_424543,0.01612263879305103,9.281685077521521e-06,0.49961210240496506
SM,201630,49627--sample_49627_k141_63191,0.01603843603827469,9.359273254786347e-06,0.49961210240496506
SM,201630,49623--sample_49623_k141_142584,0.020950674016572617,1.6329370299469353e-05,0.5011673151750973
SM,201630,49620--sample_49620_k141_634331,0.01835915787706023,1.2677161845157804e-05,0.5003885003885004
SM,201630,49622--sample_49622_k141_237199,0.02575575646394169,2.5363516188567036e-05,0.5027322404371585
SM,201630,49623--sample_49623_k141_447354,0.017192707973844708,1.0914475625070569e-05,0.5
SM,201630,49620--sample_49620_k141_400844,0.012284808877636787,5.412701022527637e-06,0.4984520123839009
SM,201630,49620--sample_49620_k141_458278,0.019476821331127887,1.4610312899469199e-05,0.5007776049766719
SM,201630,49623--sample_49623_k141_1350425,0.024551246044533914,2.2952330832894276e-05,0.5023400936037441
SM,201630,49620--sample_49620_k141_611969,0.0232638062734415,2.0709244854289833e-05,0.5019485580670304
SM,201630,49620--sample_49620_k141_109507,0.02083916088019038,1.6448388230476832e-05,0.5011673151750973
SM,201630,49623--sample_49623_k141_1060122,0.019624174241720173,1.4491456928269356e-05,0.5007776049766719
SM,201630,49627--sample_49627_k141_875042,0.01850281091147538,1.2595594532482773e-05,0.5003885003885004
SM,201630,49628--sample_49628_k141_169027,0.02325374109263014,2.0699252516858775e-05,0.5019485580670304
SM,201630,49623--sample_49623_k141_604689,0.020941430317521548,1.6367350032345917e-05,0.5011673151750973
SM,201630,49623--sample_49623_k141_735064,0.01595175863821599,9.385276751012964e-06,0.49961210240496506
SM,201630,49623--sample_49623_k141_182928,0.020796469402725178,1.648502480303467e-05,0.5011673151750973
SM,201630,49628--sample_49628_k141_544373,0.01974403072697487,1.4416743973841836e-05,0.5007776049766719
SM,201630,49623--sample_49623_k141_629916,0.018510936701131867,1.2588699019014586e-05,0.5003885003885004
SM,201630,49624--sample_49624_k141_503759,0.022133460408575265,1.846488807666919e-05,0.5015576323987538
SM,201630,49623--sample_49623_k141_659201,0.02454212735637694,2.2932475465984228e-05,0.5023400936037441
SM,201630,49620--sample_49620_k141_106568,0.018568283444588267,1.2545655448468297e-05,0.5003885003885004
SM,201630,49623--sample_49623_k141_906484,0.027087254185036276,2.778950421473517e-05,0.503125
SM,201630,49620--sample_49620_k141_378030,0.01961565101005367,1.4496691621186335e-05,0.5007776049766719
SM,201630,49623--sample_49623_k141_1305944,0.02197335417916967,1.85947428231352e-05,0.5015576323987538
SM,201630,49623--sample_49623_k141_1375097,0.018503505265901533,1.2609756012468952e-05,0.5003885003885004
SM,201630,49625--sample_49625_k141_244511,0.02214256953956992,1.8446633896958158e-05,0.5015576323987538
SM,201630,49620--sample_49620_k141_639941,0.017051223215324124,1.1036497652951065e-05,0.5
SM,201630,49623--sample_49623_k141_435193,0.018441768755583714,1.2673406224121597e-05,0.5003885003885004
SM,201630,49627--sample_49627_k141_356105,0.022112956277070543,1.844869727695488e-05,0.5015576323987538
SM,201630,49623--sample_49623_k141_1038317,0.015937271356147125,9.397838254343808e-06,0.49961210240496506
SM,201630,49627--sample_49627_k141_663776,0.01968372548127727,1.447911125674704e-05,0.5007776049766719
SM,201630,49620--sample_49620_k141_417201,0.012309319658831983,5.431561339146793e-06,0.4984520123839009
SM,201630,49620--sample_49620_k141_745399,0.016016928973337646,9.389299989937252e-06,0.49961210240496506
SM,201630,49621--sample_49621_k141_829693,0.020936739031472234,1.640754126117179e-05,0.5011673151750973
SM,201630,49623--sample_49623_k141_649493,0.016037423249766827,9.366371119326422e-06,0.49961210240496506
SM,201630,49620--sample_49620_k141_779465,0.02099875701546186,1.6286423307628448e-05,0.5011673151750973
SM,201630,49621--sample_49621_k141_1073290,0.022068563721740937,1.8451689686809162e-05,0.5015576323987538
SM,201630,49620--sample_49620_k141_370309,0.018539980055055947,1.2585785150209455e-05,0.5003885003885004
SM,201630,49628--sample_49628_k141_1201807,0.02085265719995128,1.645380989760009e-05,0.5011673151750973
SM,201630,49620--sample_49620_k141_436252,0.025769523616787044,2.5349286210244446e-05,0.5027322404371585
SM,201630,49620--sample_49620_k141_709318,0.01980266036833066,1.4346033583643134e-05,0.5007776049766719
SM,201630,49620--sample_49620_k141_838211,0.02459938594330987,2.2862632748931507e-05,0.5023400936037441
SM,201630,49620--sample_49620_k141_336741,0.019601803530518196,1.4512633456453352e-05,0.5007776049766719
SM,201630,49627--sample_49627_k141_882587,0.02328552013178165,2.069098960880924e-05,0.5019485580670304
SM,201630,49626--sample_49626_k141_299629,0.019523969623777563,1.457522659470109e-05,0.5007776049766719
SM,201630,49620--sample_49620_k141_126210,0.01841334841134916,1.2721570061078392e-05,0.5003885003885004
SM,201630,49627--sample_49627_k141_340580,0.019637866361035667,1.444551264186855e-05,0.5007776049766719
SM,201630,49621--sample_49621_k141_1098185,0.015992981939916894,9.384214413820198e-06,0.49961210240496506
SM,201630,49620--sample_49620_k141_443929,0.022090449984963827,1.8493625572742703e-05,0.5015576323987538
SM,201630,49628--sample_49628_k141_1264346,0.014717216524491773,7.998294246156524e-06,0.4992248062015504
SM,201630,49624--sample_49624_k141_808763,0.017194229167765394,1.097252405048014e-05,0.5
SM,201630,49623--sample_49623_k141_620155,0.020817170546750283,1.6433613384757486e-05,0.5011673151750973
SM,201630,49623--sample_49623_k141_504674,0.02336850532969638,2.058620298306181e-05,0.5019485580670304
SM,201630,49621--sample_49621_k141_806044,0.017089834675363468,1.1060019862489602e-05,0.5
SM,201630,49623--sample_49623_k141_955947,0.019704930363441415,1.4415803655037089e-05,0.5007776049766719
SM,201630,49623--sample_49623_k141_639263,0.01470159473068259,7.974417112064322e-06,0.4992248062015504
SM,201630,49620--sample_49620_k141_293767,0.018306313348002996,1.274967687483915e-05,0.5003885003885004
SM,201630,49620--sample_49620_k141_585705,0.022194573543247675,1.8432143505383316e-05,0.5015576323987538
SM,201630,49620--sample_49620_k141_748976,0.019750605609103338,1.441277692138216e-05,0.5007776049766719
SM,201630,49620--sample_49620_k141_25330,0.018294186585783512,1.2756873950954938e-05,0.5003885003885004
SM,201630,49627--sample_49627_k141_661679,0.01969426314124014,1.4422722128804443e-05,0.5007776049766719
SM,201630,49620--sample_49620_k141_623844,0.020885766157017663,1.6421212709771208e-05,0.5011673151750973
SM,201630,49620--sample_49620_k141_122298,0.019741132294305325,1.4422753390662957e-05,0.5007776049766719
SM,201630,49623--sample_49623_k141_832889,0.01846898789036837,1.2570988999196064e-05,0.5003885003885004
SM,201630,49623--sample_49623_k141_1005056,0.02220404521477951,1.8376817148152232e-05,0.5015576323987538
SM,201630,49620--sample_49620_k141_895151,0.00865357784696761,2.517266979919016e-06,0.49653045489591363
SM,201630,49620--sample_49620_k141_807767,0.028239593107920666,3.0543040811646186e-05,0.5035183737294762
SM,201630,49623--sample_49623_k141_941570,0.021008701875056542,1.6233612169045092e-05,0.5011673151750973
SM,201630,49628--sample_49628_k141_1852,0.015869657022183143,9.448312042444118e-06,0.49961210240496506
SM,201630,49623--sample_49623_k141_1218155,0.017209869318215304,1.0941632556024786e-05,0.5
SM,201630,49620--sample_49620_k141_531304,0.02334942479816116,2.0546396081645295e-05,0.5019485580670304
SM,201630,49620--sample_49620_k141_525399,0.019561049063994872,1.450650018249127e-05,0.5007776049766719
SM,201630,49627--sample_49627_k141_867888,0.02068971032105361,1.655545567181408e-05,0.5011673151750973
SM,201630,49628--sample_49628_k141_1292410,0.019689869879975744,1.4428954128420232e-05,0.5007776049766719
SM,201630,49624--sample_49624_k141_367618,0.017232742617808005,1.0929338170834019e-05,0.5
SM,201630,49620--sample_49620_k141_336437,0.02585145212301427,2.526111971269035e-05,0.5027322404371585
SM,201630,49620--sample_49620_k141_300555,0.01602687297329727,9.34432914385747e-06,0.49961210240496506
SM,201630,49623--sample_49623_k141_932595,0.019764657045214927,1.4364534669185045e-05,0.5007776049766719
SM,201630,49624--sample_49624_k141_886731,0.014630474798398838,8.032400015904143e-06,0.4992248062015504
SM,201630,49628--sample_49628_k141_896519,0.018425717312506352,1.2660138100439139e-05,0.5003885003885004
SM,201630,49620--sample_49620_k141_537973,0.019642221875357642,1.4489800266499958e-05,0.5007776049766719
SM,201630,49620--sample_49620_k141_241114,0.01851706557839294,1.2573548471778455e-05,0.5003885003885004
SM,201630,49621--sample_49621_k141_675292,0.01596286994224824,9.378601297764327e-06,0.49961210240496506
SM,201630,49620--sample_49620_k141_713240,0.019666621015209596,1.4455499618127751e-05,0.5007776049766719
SM,201630,49628--sample_49628_k141_1335931,0.014897617983717866,7.854237894659687e-06,0.4992248062015504
SM,201630,49628--sample_49628_k141_1578820,0.020848933999469445,1.6423339447764028e-05,0.5011673151750973
SM,201630,49623--sample_49623_k141_595193,0.019748524631056797,1.4387710696351837e-05,0.5007776049766719
SM,201630,49620--sample_49620_k141_345775,0.01840029589325688,1.2653882468570224e-05,0.5003885003885004
SM,201630,49628--sample_49628_k141_1486095,0.01597846686435066,9.39720607647982e-06,0.49961210240496506
SM,201630,49623--sample_49623_k141_635168,0.018509830238675275,1.2585427470801428e-05,0.5003885003885004
SM,201630,49624--sample_49624_k141_857349,0.01961868939880004,1.4559498425652653e-05,0.5007776049766719
SM,201630,49623--sample_49623_k141_921694,0.018433449624067882,1.2634984978084873e-05,0.5003885003885004
SM,201630,49628--sample_49628_k141_870812,0.019653754883076646,1.4506741155344545e-05,0.5007776049766719
SM,201630,49620--sample_49620_k141_810609,0.019638378060092138,1.4520045558544164e-05,0.5007776049766719
SM,201630,49628--sample_49628_k141_729278,0.018383308379179977,1.2673637543495258e-05,0.5003885003885004
SM,201630,49623--sample_49623_k141_805715,0.020877916558041158,1.641611765501286e-05,0.5011673151750973
SM,201630,49623--sample_49623_k141_1004039,0.010908379525243124,4.4067579434173445e-06,0.4972972972972973
SM,201630,49623--sample_49623_k141_783197,0.014708348413839327,7.985115897729653e-06,0.4992248062015504
SM,201630,49623--sample_49623_k141_375876,0.016084058042253994,9.30283594949865e-06,0.49961210240496506
SM,201630,49620--sample_49620_k141_409549,0.019521746383096374,1.4575368682921081e-05,0.5007776049766719
SM,201630,49628--sample_49628_k141_1401107,0.022106541084441322,1.8445530221492157e-05,0.5015576323987538
SM,201630,49623--sample_49623_k141_544588,0.019587107904048093,1.4573598909022581e-05,0.5007776049766719
SM,201630,49620--sample_49620_k141_402231,0.01844429514002629,1.26515546443578e-05,0.5003885003885004
SM,201630,49623--sample_49623_k141_985280,0.014688245744879746,7.993865917820464e-06,0.4992248062015504
SM,201630,49623--sample_49623_k141_91927,0.013443355611576486,6.644891248877003e-06,0.4988381099922541
SM,201630,49623--sample_49623_k141_1330012,0.022121633903588546,1.8370008289371477e-05,0.5015576323987538
SM,201630,49620--sample_49620_k141_596290,0.01973716600057307,1.4426662367298012e-05,0.5007776049766719
SM,201630,49628--sample_49628_k141_1712723,0.027026241562744243,2.7884352516724503e-05,0.503125
SM,201630,49623--sample_49623_k141_1131227,0.018473221408192016,1.2663905993453535e-05,0.5003885003885004
SM,201630,49627--sample_49627_k141_313292,0.018453270581348463,1.2571397632598172e-05,0.5003885003885004
SM,201630,49620--sample_49620_k141_209439,0.017117666583848702,1.1062118840635954e-05,0.5
SM,201630,49627--sample_49627_k141_512927,0.022088002252963743,1.8445481389286882e-05,0.5015576323987538
SM,201630,49620--sample_49620_k141_780576,0.023253194715874618,2.0754782265231956e-05,0.5019485580670304
SM,201630,49620--sample_49620_k141_680328,0.022161282384630984,1.8434187352957303e-05,0.5015576323987538
SM,201630,49620--sample_49620_k141_471906,0.019560839470378212,1.452181231734587e-05,0.5007776049766719
SM,201630,49620--sample_49620_k141_1427,0.012313456820180552,5.357440128255399e-06,0.4980665119876257
SM,201630,49627--sample_49627_k141_576506,0.020853273544334045,1.6441155975251385e-05,0.5011673151750973
SM,201630,49624--sample_49624_k141_183073,0.01965062042179768,1.4463048599414762e-05,0.5007776049766719
SM,201630,49623--sample_49623_k141_440584,0.01861760651917032,1.2478520578374966e-05,0.5003885003885004
SM,201630,49620--sample_49620_k141_596468,0.022030844952630902,1.8544456397500034e-05,0.5015576323987538
SM,201630,49620--sample_49620_k141_180772,0.02205041040584331,1.8481103842634546e-05,0.5015576323987538
SM,201630,49623--sample_49623_k141_450039,0.018535729069749148,1.2594498370580571e-05,0.5003885003885004
SM,201630,49620--sample_49620_k141_267223,0.023301225794350233,2.0670764814347616e-05,0.5019485580670304
SM,201630,49627--sample_49627_k141_739479,0.017296517551867164,1.091741199614159e-05,0.5
SM,201630,49620--sample_49620_k141_400183,0.022136842481436495,1.839567903307814e-05,0.5015576323987538
SM,201630,49620--sample_49620_k141_670690,0.019701266504368112,1.4411995873791514e-05,0.5007776049766719
SM,201630,49623--sample_49623_k141_259650,0.020857831524263945,1.645887816276159e-05,0.5011673151750973
SM,201630,49623--sample_49623_k141_549495,0.015963791693549906,9.419524846809506e-06,0.49961210240496506
SM,201630,49620--sample_49620_k141_776021,0.018523738185256333,1.2577351019475902e-05,0.5003885003885004
SM,201630,49620--sample_49620_k141_196964,0.023415087513394665,2.0522846342035497e-05,0.5019485580670304
SM,201630,49620--sample_49620_k141_840562,0.015988800777478458,9.424497501460255e-06,0.49961210240496506
SM,201630,49623--sample_49623_k141_518176,0.018335017697545756,1.2755625963944489e-05,0.5003885003885004
SM,201630,49627--sample_49627_k141_654175,0.0195019486920683,1.4565768488603915e-05,0.5007776049766719
SM,201630,49627--sample_49627_k141_414467,0.017208491763781728,1.0956052032530845e-05,0.5
SM,201630,49623--sample_49623_k141_1247076,0.017318562411527204,1.089994083818325e-05,0.5
SM,201630,49620--sample_49620_k141_374157,0.018376074249635617,1.2696854804565995e-05,0.5003885003885004
SM,201630,49620--sample_49620_k141_275674,0.022071080325233215,1.8562152852532023e-05,0.5015576323987538
SM,201630,49620--sample_49620_k141_577314,0.02457082783482682,2.2880612715549184e-05,0.5023400936037441
SM,201630,49620--sample_49620_k141_378471,0.017183940459908547,1.1027895981724165e-05,0.5
SM,201630,49624--sample_49624_k141_942387,0.015957348188582986,9.408050073220171e-06,0.49961210240496506
SM,201630,49628--sample_49628_k141_1506561,0.02327674220617492,2.0678843140071894e-05,0.5019485580670304
SM,201630,49624--sample_49624_k141_837100,0.019539526246026364,1.457461208013689e-05,0.5007776049766719
SM,201630,49620--sample_49620_k141_697673,0.018350247794140066,1.2710229868619253e-05,0.5003885003885004
SM,201630,49623--sample_49623_k141_837177,0.0172502655331244,1.0936243119087755e-05,0.5
SM,201630,49623--sample_49623_k141_274362,0.01469752759106893,8.002158406118826e-06,0.4992248062015504
SM,201630,49623--sample_49623_k141_283253,0.02210307547820665,1.8437005941631894e-05,0.5015576323987538
SM,201630,49623--sample_49623_k141_379355,0.022199704170493596,1.836841477731458e-05,0.5015576323987538
SM,201630,49623--sample_49623_k141_180157,0.01966765119497752,1.4490490215944117e-05,0.5007776049766719
SM,201630,49620--sample_49620_k141_475809,0.019742667510817494,1.4405542789373386e-05,0.5007776049766719
SM,201630,49623--sample_49623_k141_739376,0.01595033187970904,9.3935444914153e-06,0.49961210240496506
SM,201630,49621--sample_49621_k141_178506,0.02198702249719094,1.8609139781764062e-05,0.5015576323987538
SM,201630,49620--sample_49620_k141_588205,0.018461287734369745,1.2630682446665825e-05,0.5003885003885004
SM,201630,49623--sample_49623_k141_762414,0.014691006357436313,7.983646018106203e-06,0.4992248062015504
SM,201630,49620--sample_49620_k141_308469,0.018539710057134052,1.2556128405312733e-05,0.5003885003885004
SM,201630,49620--sample_49620_k141_344961,0.017263664184461253,1.0950244554612082e-05,0.5
SM,201630,49628--sample_49628_k141_960275,0.022112001771031994,1.8490836009565344e-05,0.5015576323987538
SM,201630,49628--sample_49628_k141_1438869,0.024636175714508806,2.2848243586411626e-05,0.5023400936037441
SM,201630,49620--sample_49620_k141_216516,0.02334367736713788,2.0606998252365947e-05,0.5019485580670304
SM,201630,49620--sample_49620_k141_140542,0.01597332572037877,9.380394464306224e-06,0.49961210240496506
SM,201630,49620--sample_49620_k141_350606,0.014687539344611665,8.001821513515231e-06,0.4992248062015504
SM,201630,49622--sample_49622_k141_541922,0.022213339738756617,1.8353600120797456e-05,0.5015576323987538
SM,201630,49620--sample_49620_k141_562938,0.023305953415286244,2.0671793912438018e-05,0.5019485580670304
SM,201630,49620--sample_49620_k141_345569,0.023290384744517154,2.066921996755254e-05,0.5019485580670304
SM,201630,49620--sample_49620_k141_268279,0.018550374550402246,1.2534389390220916e-05,0.5003885003885004
SM,201630,49620--sample_49620_k141_280585,0.020871302450323603,1.6464983515401072e-05,0.5011673151750973
SM,201630,49627--sample_49627_k141_725460,0.01724329911969397,1.0919873197872183e-05,0.5
SM,201630,49628--sample_49628_k141_884471,0.018548134361382706,1.2561808497490692e-05,0.5003885003885004
SM,201630,49628--sample_49628_k141_389027,0.02095200623103394,1.6307050645943377e-05,0.5011673151750973
SM,201630,49620--sample_49620_k141_868983,0.017215728476386704,1.0983312052289995e-05,0.5
SM,201630,49623--sample_49623_k141_441108,0.02215493042357577,1.8386990426805528e-05,0.5015576323987538
SM,201630,49620--sample_49620_k141_469999,0.018382678360555002,1.269126247964393e-05,0.5003885003885004
SM,201630,49620--sample_49620_k141_853803,0.023368976480935878,2.0627689916229846e-05,0.5019485580670304
SM,201630,49620--sample_49620_k141_848181,0.017178603479784588,1.0963536163591176e-05,0.5
SM,201630,49627--sample_49627_k141_696542,0.01237665583624641,5.356417920471729e-06,0.4984520123839009
SM,201630,49620--sample_49620_k141_794699,0.023387247282268642,2.0621096553273905e-05,0.5019485580670304
SM,201630,49620--sample_49620_k141_614701,0.017106290025526622,1.0999322627661816e-05,0.49961210240496506
SM,201630,49620--sample_49620_k141_175692,0.02203806266133158,1.8499499076158916e-05,0.5015576323987538
SM,201630,49625--sample_49625_k141_399547,0.01856781717759342,1.2549224999624273e-05,0.5
SM,201630,49620--sample_49620_k141_714399,0.020725846696705155,1.6526884557515316e-05,0.5011673151750973
SM,201630,49628--sample_49628_k141_1350362,0.018363752334466046,1.272482499707431e-05,0.5003885003885004
SM,201630,49620--sample_49620_k141_642954,0.01603232235218352,9.370893462310995e-06,0.49961210240496506
SM,201630,49628--sample_49628_k141_1269653,0.024539524206853475,2.2901051352814528e-05,0.5023400936037441
SM,201630,49628--sample_49628_k141_1723366,0.02312767734387283,2.0930815448131658e-05,0.5019485580670304
SM,201630,49622--sample_49622_k141_970025,0.017077797042866535,1.1056386879400824e-05,0.5
SM,201630,49627--sample_49627_k141_421323,0.016017236678120418,9.362203387146312e-06,0.49961210240496506
SM,201630,49628--sample_49628_k141_1029201,0.01842533005527369,1.2669682588212705e-05,0.5003885003885004
SM,201630,49628--sample_49628_k141_1211821,0.01955211810745982,1.4583399755020938e-05,0.5007776049766719
SM,201630,49622--sample_49622_k141_822455,0.01836682243056051,1.2738974773579084e-05,0.5003885003885004
SM,201630,49620--sample_49620_k141_584834,0.023311657179107072,2.06227846591765e-05,0.5019485580670304
SM,201630,49620--sample_49620_k141_750463,0.024512539239712663,2.292196491685924e-05,0.5023400936037441
SM,201630,49623--sample_49623_k141_19062,0.022008951931775808,1.8596475509701706e-05,0.5015576323987538
SM,201630,49628--sample_49628_k141_1303741,0.02203922136789626,1.84897704181219e-05,0.5015576323987538
SM,201630,49627--sample_49627_k141_598482,0.019740481168286153,1.4392147326213485e-05,0.5007776049766719
SM,201630,49623--sample_49623_k141_1355655,0.02084764995171787,1.6447296355409864e-05,0.5011673151750973
SM,201630,49623--sample_49623_k141_303771,0.023338189756500288,2.0611411998974823e-05,0.5019485580670304
SM,201630,49620--sample_49620_k141_609283,0.023465239859890272,2.052578993708318e-05,0.5019485580670304
SM,201630,49628--sample_49628_k141_1400465,0.020932194309433584,1.633683300513872e-05,0.5011673151750973
SM,201630,49621--sample_49621_k141_1077144,0.02094470418880168,1.6342109376118294e-05,0.5011673151750973
SM,201630,49620--sample_49620_k141_175085,0.019546830096662162,1.4543154798220774e-05,0.5007776049766719
SM,201630,49620--sample_49620_k141_473245,0.019522659721648225,1.4563039038084967e-05,0.5007776049766719
SM,201630,49628--sample_49628_k141_751758,0.022158888932892893,1.8426760965152612e-05,0.5015576323987538
SM,201630,49620--sample_49620_k141_529134,0.014708999720645776,7.977928416649147e-06,0.4992248062015504
SM,201630,49623--sample_49623_k141_854320,0.01835109430026757,1.2723149998243816e-05,0.5003885003885004
SM,201630,49620--sample_49620_k141_479378,0.02210558897335444,1.8431567727748683e-05,0.5015576323987538
SM,201630,49623--sample_49623_k141_485845,0.018481709616356114,1.2638455816739633e-05,0.5003885003885004
SM,201630,49623--sample_49623_k141_1104290,0.02459442765114027,2.2902110665380924e-05,0.5023400936037441
SM,201630,49620--sample_49620_k141_802175,0.02317761705128432,2.077539067233755e-05,0.5019485580670304
SM,201630,49620--sample_49620_k141_708196,0.01964173194650735,1.447961540674101e-05,0.5007776049766719
SM,201630,49623--sample_49623_k141_239529,0.016015121023011177,9.348415493563972e-06,0.49961210240496506
SM,201630,49627--sample_49627_k141_524154,0.01855508471673436,1.2577948507626618e-05,0.5003885003885004
SM,201630,49627--sample_49627_k141_871592,0.018367810251802664,1.2727330521287967e-05,0.5003885003885004
SM,201630,49624--sample_49624_k141_462272,0.020960983460678897,1.6310825521331864e-05,0.5011673151750973
SM,201630,49620--sample_49620_k141_609029,0.018387011689875544,1.2717285353611227e-05,0.5003885003885004
SM,201630,49627--sample_49627_k141_650344,0.016003214722326072,9.421653580670318e-06,0.49961210240496506
SM,201630,49620--sample_49620_k141_792699,0.018361341592432658,1.2724630726754108e-05,0.5003885003885004
SM,201630,49620--sample_49620_k141_882729,0.01715619196667168,1.0980069029902393e-05,0.5
SM,201630,49620--sample_49620_k141_510128,0.023462896653379507,2.0491586040826324e-05,0.5019485580670304
SM,201630,49620--sample_49620_k141_828425,0.020891184485476832,1.6404078977018008e-05,0.5011673151750973
SM,201630,49623--sample_49623_k141_973496,0.018454361320962617,1.265930103915487e-05,0.5003885003885004
SM,201630,49623--sample_49623_k141_593582,0.01827198652378024,1.2772648620460216e-05,0.5003885003885004
SM,201630,49621--sample_49621_k141_409291,0.018209748635280066,1.2856153829388386e-05,0.5003885003885004
SM,201630,49620--sample_49620_k141_700704,0.018390046852602447,1.2665365390033896e-05,0.5003885003885004
SM,201630,49623--sample_49623_k141_1317120,0.024650207863169012,2.287217774154108e-05,0.5023400936037441
SM,201630,49623--sample_49623_k141_727605,0.02210874593448156,1.844995520431581e-05,0.5015576323987538
SM,201630,49628--sample_49628_k141_1487610,0.024622886889884194,2.2926147168332893e-05,0.5023400936037441
SM,201630,49627--sample_49627_k141_858468,0.021055628800776556,1.6234714365835828e-05,0.5011673151750973
SM,201630,49623--sample_49623_k141_170441,0.019651674376817894,1.4469547653422879e-05,0.5007776049766719
SM,201630,49628--sample_49628_k141_1767191,0.020948328435165847,1.634720903066849e-05,0.5011673151750973
SM,201630,49627--sample_49627_k141_190321,0.014684219273610298,7.958711363241896e-06,0.4992248062015504
SM,201630,49627--sample_49627_k141_749238,0.020800008024173082,1.644815532436737e-05,0.5011673151750973
SM,201630,49620--sample_49620_k141_552424,0.020872234015816775,1.6398528140330732e-05,0.5011673151750973
SM,201630,49623--sample_49623_k141_828017,0.020921484493764096,1.6384454624465784e-05,0.5011673151750973
SM,201630,49627--sample_49627_k141_462720,0.025799376821127193,2.5316710171751097e-05,0.5027322404371585
SM,201630,49621--sample_49621_k141_762393,0.024607085290124366,2.2881849297665537e-05,0.5023400936037441
SM,201630,49620--sample_49620_k141_900294,0.022227245392511252,1.835505132296044e-05,0.5015576323987538
SM,201630,49621--sample_49621_k141_452052,0.017251696625486642,1.0928398090066309e-05,0.5
SM,201630,49621--sample_49621_k141_784926,0.022061894959403684,1.8551031955773415e-05,0.5015576323987538
SM,201630,49620--sample_49620_k141_464073,0.025860613926288863,2.5292747704849693e-05,0.5027322404371585
SM,201630,49623--sample_49623_k141_402753,0.01839526894852305,1.2686280335201493e-05,0.5003885003885004
SM,201630,49626--sample_49626_k141_514911,0.018443567657092826,1.266800395622605e-05,0.5003885003885004
SM,201630,49620--sample_49620_k141_89916,0.018338611710658755,1.2720555105614126e-05,0.5003885003885004
SM,201630,49621--sample_49621_k141_394250,0.02096282567350335,1.6316717879772376e-05,0.5011673151750973
SM,201630,49621--sample_49621_k141_806897,0.01972790523910834,1.4402332267822006e-05,0.5007776049766719
SM,201630,49628--sample_49628_k141_934206,0.01957468985180346,1.4523717478563426e-05,0.5007776049766719
SM,201630,49628--sample_49628_k141_1580996,0.023337066162914272,2.0623475657684236e-05,0.5019485580670304
SM,201630,49623--sample_49623_k141_731714,0.018548385350436087,1.2593462196447025e-05,0.5003885003885004
SM,201630,49623--sample_49623_k141_770561,0.020875252448973616,1.6412797761486582e-05,0.5011673151750973
SM,201630,49627--sample_49627_k141_829391,0.02472088221471147,2.2774291031744357e-05,0.5023400936037441
SM,201630,49627--sample_49627_k141_571973,0.02326609752979341,2.0734746289567994e-05,0.5019485580670304
SM,201630,49620--sample_49620_k141_93113,0.019609715354979025,1.4519620591583494e-05,0.5007776049766719
SM,201630,49623--sample_49623_k141_687281,0.01836817220445292,1.2671486384942462e-05,0.5003885003885004
SM,201630,49626--sample_49626_k141_590008,0.025870467965778986,2.5257917681167705e-05,0.5027322404371585
SM,201630,49620--sample_49620_k141_895379,0.017095757320145576,1.1056097009449372e-05,0.5
SM,201630,49620--sample_49620_k141_98203,0.016004424839972435,9.373564288905563e-06,0.49961210240496506
SM,201630,49625--sample_49625_k141_188852,0.015986917085860246,9.384063248374152e-06,0.49961210240496506
SM,201630,49620--sample_49620_k141_313162,0.023480548172686456,2.0487250100710858e-05,0.5019485580670304
SM,201630,49627--sample_49627_k141_276556,0.01594787302561923,9.437138186277718e-06,0.49961210240496506
SM,201630,49628--sample_49628_k141_1632557,0.025775951501041984,2.5302427200981895e-05,0.5027322404371585
SM,201630,49623--sample_49623_k141_1254467,0.019417599496618684,1.4673096382326003e-05,0.5007776049766719
SM,201630,49623--sample_49623_k141_824443,0.01712614102475453,1.1002682070925705e-05,0.5
SM,201630,49620--sample_49620_k141_806638,0.01966565856400757,1.4486258090845726e-05,0.5007776049766719
SM,201630,49620--sample_49620_k141_304248,0.019636483861558793,1.4484853056191374e-05,0.5007776049766719
SM,201630,49620--sample_49620_k141_174776,0.018380255961670377,1.2693711141201683e-05,0.5003885003885004
SM,201630,49620--sample_49620_k141_347387,0.019683883048004187,1.4412969907487136e-05,0.5007776049766719
SM,201630,49627--sample_49627_k141_177413,0.024441026381887127,2.3033371850185048e-05,0.5023400936037441
SM,201630,49620--sample_49620_k141_386392,0.019768176930114616,1.4370396926866463e-05,0.5007776049766719
SM,201630,49620--sample_49620_k141_822760,0.01837314575067252,1.271408911232853e-05,0.5003885003885004
SM,201630,49627--sample_49627_k141_319949,0.01974426737634037,1.4384479187058407e-05,0.5007776049766719
SM,201630,49620--sample_49620_k141_343081,0.02085093221245742,1.6444975120203734e-05,0.5011673151750973
SM,201630,49620--sample_49620_k141_629202,0.016005067516793453,9.378343916929903e-06,0.49961210240496506
SM,201630,49620--sample_49620_k141_300959,0.019744900291034678,1.4441942916873717e-05,0.5007776049766719
SM,201630,49628--sample_49628_k141_964811,0.02099298290840911,1.6271527566953547e-05,0.5011673151750973
SM,201630,49620--sample_49620_k141_498807,0.016080425854572613,9.346690332302158e-06,0.49961210240496506
SM,201630,49627--sample_49627_k141_729568,0.013561797582484299,6.607843410917481e-06,0.4988381099922541
SM,201630,49623--sample_49623_k141_744433,0.018555695656324825,1.2538797773948062e-05,0.5003885003885004
SM,201630,49627--sample_49627_k141_633653,0.024598007972421933,2.285300434130673e-05,0.5023400936037441
SM,201630,49620--sample_49620_k141_883152,0.019669824133644032,1.4470565880599771e-05,0.5007776049766719
SM,201630,49627--sample_49627_k141_515529,0.02087859074993864,1.644378146198934e-05,0.5011673151750973
SM,201630,49620--sample_49620_k141_550159,0.022055420678209543,1.8506228740256884e-05,0.5015576323987538
SM,201630,49624--sample_49624_k141_957901,0.01727800170440063,1.0883179802253861e-05,0.5
SM,201630,49623--sample_49623_k141_70638,0.01960472023266132,1.4556941107569395e-05,0.5007776049766719
SM,201630,49620--sample_49620_k141_33066,0.02450020209265577,2.3007629883650397e-05,0.5023400936037441
SM,201630,49620--sample_49620_k141_212651,0.01832665798193491,1.2721887196396703e-05,0.5003885003885004
SM,201630,49623--sample_49623_k141_825568,0.012225426494208328,5.45322116572891e-06,0.4980665119876257
SM,201630,49620--sample_49620_k141_349419,0.019701150163779556,1.4398286847220683e-05,0.5007776049766719
SM,201630,49625--sample_49625_k141_389451,0.01847775667076593,1.2639583583385943e-05,0.5003885003885004
SM,201630,49623--sample_49623_k141_638582,0.01841291714575619,1.2671671128925182e-05,0.5003885003885004
SM,201630,49623--sample_49623_k141_1032962,0.022118175236761097,1.845798139603885e-05,0.5015576323987538
SM,201630,49620--sample_49620_k141_772901,0.023268672819051053,2.0720360093853032e-05,0.5019485580670304
SM,201630,49623--sample_49623_k141_341484,0.023287792264916996,2.0660803030324757e-05,0.5019485580670304
SM,201630,49627--sample_49627_k141_837948,0.023274887591836418,2.069280847785196e-05,0.5019485580670304
SM,201630,49622--sample_49622_k141_625868,0.024670532042724656,2.281065470614969e-05,0.5023400936037441
SM,201630,49621--sample_49621_k141_998779,0.0208268281235185,1.6460111943306765e-05,0.5011673151750973
SM,201630,49627--sample_49627_k141_754865,0.02093272181633978,1.6359742118648615e-05,0.5011673151750973
SM,201630,49620--sample_49620_k141_315313,0.010952639196658037,4.3574532379457986e-06,0.4980665119876257
SM,201630,49623--sample_49623_k141_728033,0.018349938211209043,1.275706491551972e-05,0.5003885003885004
SM,201630,49620--sample_49620_k141_92586,0.019575270735625948,1.4581416401656465e-05,0.5007776049766719
SM,201630,49625--sample_49625_k141_364346,0.023267925922281787,2.0735270558827065e-05,0.5019485580670304
SM,201630,49627--sample_49627_k141_490345,0.013432978946614252,6.659531093946231e-06,0.4988381099922541
SM,201630,49628--sample_49628_k141_1593967,0.018317111966952064,1.2771338104912462e-05,0.5003885003885004
SM,201630,49623--sample_49623_k141_540693,0.014717064533858416,7.980781411802236e-06,0.4992248062015504
SM,201630,49627--sample_49627_k141_593011,0.022172035528562704,1.84103314946308e-05,0.5015576323987538
SM,201630,49623--sample_49623_k141_100166,0.018490751038569155,1.260721976358928e-05,0.5003885003885004
SM,201630,49620--sample_49620_k141_188761,0.015914828394749125,9.44323646549322e-06,0.49961210240496506
SM,201630,49620--sample_49620_k141_852859,0.01731599428549555,1.0873545411973022e-05,0.5
SM,201630,49620--sample_49620_k141_891883,0.016956439291483123,1.113534269389443e-05,0.5
SM,201630,49620--sample_49620_k141_165300,0.013525475454636436,6.624776560896998e-06,0.4988381099922541
SM,201630,49623--sample_49623_k141_942149,0.025807240622240428,2.535067878621134e-05,0.5027322404371585
SM,201630,49620--sample_49620_k141_749019,0.014852889974919257,7.877540696039951e-06,0.4992248062015504
SM,201630,49620--sample_49620_k141_34612,0.024440383337842465,2.3119775532389535e-05,0.5023400936037441
SM,201630,49620--sample_49620_k141_619265,0.024543975461508955,2.2961804506771063e-05,0.5023400936037441
SM,201630,49620--sample_49620_k141_163204,0.021005644233474417,1.630492529064328e-05,0.5011673151750973
SM,201630,49627--sample_49627_k141_894207,0.02446365193041716,2.3029316456149912e-05,0.5023400936037441
SM,201630,49620--sample_49620_k141_892610,0.01708028169979276,1.1060111828724933e-05,0.5
SM,201630,49620--sample_49620_k141_879678,0.013517537158644751,6.603453042126217e-06,0.4984520123839009
SM,201630,49628--sample_49628_k141_549400,0.014852268605593614,7.895927365956765e-06,0.4992248062015504
SM,201630,49628--sample_49628_k141_983346,0.022172094613492867,1.8389181575058503e-05,0.5015576323987538
SM,201630,49623--sample_49623_k141_702128,0.01608062681140933,9.32961577875583e-06,0.49961210240496506
SM,201630,49623--sample_49623_k141_470609,0.019754617094032048,1.4384114121267566e-05,0.5007776049766719
SM,201630,49623--sample_49623_k141_1036475,0.014906423166345072,7.88768000042877e-06,0.4992248062015504
SM,201630,49620--sample_49620_k141_755103,0.02086369614443955,1.6443040698828786e-05,0.5011673151750973
SM,201630,49621--sample_49621_k141_68092,0.022234939424217955,1.831727846955997e-05,0.5015576323987538
SM,201630,49623--sample_49623_k141_42735,0.023257047294727082,2.0673612180212464e-05,0.5019485580670304
SM,201630,49628--sample_49628_k141_231843,0.017125249703598418,1.1052908057828527e-05,0.5
SM,201630,49620--sample_49620_k141_345812,0.015998994640820028,9.399723644140462e-06,0.49961210240496506
SM,201630,49625--sample_49625_k141_25563,0.02091144312074935,1.63781923699436e-05,0.5011673151750973
SM,201630,49628--sample_49628_k141_1257336,0.02094607965275817,1.632219642839414e-05,0.5011673151750973
SM,201630,49625--sample_49625_k141_223344,0.01233419097029054,5.402843347279569e-06,0.4984520123839009
SM,201630,49620--sample_49620_k141_493131,0.018506424399454182,1.257514778222577e-05,0.5003885003885004
SM,201630,49620--sample_49620_k141_848030,0.019557817698704367,1.45449180729794e-05,0.5007776049766719
SM,201630,49623--sample_49623_k141_905837,0.022050726017544545,1.8475437671964573e-05,0.5015576323987538
SM,201630,49620--sample_49620_k141_524665,0.021992374461527343,1.854985839953675e-05,0.5015576323987538
SM,201630,49627--sample_49627_k141_606222,0.01979988569037249,1.4357227542088763e-05,0.5007776049766719
SM,201630,49627--sample_49627_k141_152302,0.013564847991937247,6.580007086698741e-06,0.4988381099922541
SM,201630,49627--sample_49627_k141_381781,0.013573853987899192,6.633609532250198e-06,0.4988381099922541
SM,201630,49623--sample_49623_k141_1320380,0.023366643752453342,2.0612225337009775e-05,0.5019485580670304
SM,201630,49620--sample_49620_k141_237655,0.017321510394967272,1.0875253308994647e-05,0.5
SM,201630,49628--sample_49628_k141_1318930,0.02079207319747779,1.6474814986353535e-05,0.5011673151750973
SM,201630,49623--sample_49623_k141_1239734,0.020867608689759905,1.6387475334646566e-05,0.5011673151750973
SM,201630,49620--sample_49620_k141_729130,0.02226148430671735,1.8323047785401216e-05,0.5015576323987538
SM,201630,49628--sample_49628_k141_430758,0.01958885343081913,1.4559103596158701e-05,0.5007776049766719
SM,201630,49625--sample_49625_k141_170109,0.02212251427455319,1.8480651620775695e-05,0.5015576323987538
SM,201630,49623--sample_49623_k141_1074520,0.015977426178381056,9.402519066797788e-06,0.49961210240496506
SM,201630,49620--sample_49620_k141_696406,0.017275834369290793,1.0909770768181708e-05,0.5
SM,201630,49621--sample_49621_k141_304846,0.02096788343109754,1.632660448916256e-05,0.5011673151750973
SM,201630,49620--sample_49620_k141_164103,0.018496760806492915,1.2576276165301564e-05,0.5003885003885004
SM,201630,49625--sample_49625_k141_39986,0.025859970724798204,2.5315989866884055e-05,0.5027322404371585
SM,201630,49620--sample_49620_k141_379858,0.01605820045647237,9.364517331554853e-06,0.49961210240496506
SM,201630,49623--sample_49623_k141_787874,0.02328220517824727,2.071182657381197e-05,0.5019485580670304
SM,201630,49627--sample_49627_k141_488743,0.018400616716874044,1.271969217339457e-05,0.5003885003885004
SM,201630,49620--sample_49620_k141_845769,0.023253662130025374,2.0775496500705163e-05,0.5019485580670304
SM,201630,49624--sample_49624_k141_823890,0.01971044658759243,1.4438407098178323e-05,0.5007776049766719
SM,201630,49623--sample_49623_k141_1142358,0.01836777953913003,1.267991390297938e-05,0.5003885003885004
SM,201630,49623--sample_49623_k141_1351314,0.017343501228850266,1.0871759911441815e-05,0.5
SM,201630,49623--sample_49623_k141_397605,0.020831569109844496,1.640235190217565e-05,0.5011673151750973
SM,201630,49628--sample_49628_k141_513653,0.015872500836465398,9.482158650251012e-06,0.49961210240496506
SM,201630,49620--sample_49620_k141_880376,0.018367493477649294,1.2679387419039085e-05,0.5003885003885004
SM,201630,49621--sample_49621_k141_1049905,0.023280249134639868,2.0699768938417167e-05,0.5019485580670304
SM,201630,49620--sample_49620_k141_42888,0.024542309595315764,2.294005600924998e-05,0.5023400936037441
SM,201630,49628--sample_49628_k141_1150711,0.022124880524307233,1.8452178034687106e-05,0.5015576323987538
SM,201630,49628--sample_49628_k141_1295079,0.01968751105731254,1.4412010085135191e-05,0.5007776049766719
SM,201630,49628--sample_49628_k141_1557966,0.01971364972843952,1.443422397305958e-05,0.5007776049766719
SM,201630,49623--sample_49623_k141_459679,0.0135496986643207,6.5661077009530375e-06,0.4988381099922541
SM,201630,49621--sample_49621_k141_253982,0.017178996755841225,1.0991653824994363e-05,0.5
SM,201630,49627--sample_49627_k141_718220,0.019612193249364432,1.454770784390364e-05,0.5007776049766719
SM,201630,49620--sample_49620_k141_367257,0.018483861621774813,1.260269948079223e-05,0.5003885003885004
SM,201630,49621--sample_49621_k141_1078957,0.017015869283936037,1.1085103880994064e-05,0.5
SM,201630,49620--sample_49620_k141_350880,0.015915995187773285,9.439092356734487e-06,0.49961210240496506
SM,201630,49623--sample_49623_k141_1156595,0.01719391046363136,1.098294835312026e-05,0.5
SM,201630,49625--sample_49625_k141_264927,0.020872129355484288,1.6437713959541778e-05,0.5011673151750973
SM,201630,49628--sample_49628_k141_609789,0.025798068786257507,2.5287965995868274e-05,0.5027322404371585
SM,201630,49620--sample_49620_k141_108508,0.015890413702888746,9.440410370244875e-06,0.4992248062015504
SM,201630,49624--sample_49624_k141_930198,0.023349880416618563,2.0613362627046867e-05,0.5019485580670304
SM,201630,49626--sample_49626_k141_577843,0.015999784189826866,9.366044924291797e-06,0.49961210240496506
SM,201630,49624--sample_49624_k141_404074,0.017334122934416316,1.0853448840274315e-05,0.5
SM,201630,49620--sample_49620_k141_557772,0.022044123290064763,1.8516799794311437e-05,0.5015576323987538
SM,201630,49628--sample_49628_k141_1571541,0.020943449585284508,1.6327287813960007e-05,0.5011673151750973
SM,201630,49623--sample_49623_k141_469107,0.015957612957107747,9.407804607505434e-06,0.49961210240496506
SM,201630,49626--sample_49626_k141_793367,0.01228669415594434,5.4204884285228e-06,0.4984520123839009
SM,201630,49621--sample_49621_k141_679065,0.020879793576996663,1.6358427417847366e-05,0.5011673151750973
SM,201630,49623--sample_49623_k141_721938,0.015904620899888974,9.436828376333836e-06,0.49961210240496506
SM,201630,49624--sample_49624_k141_904286,0.01967288729633263,1.448524393809877e-05,0.5007776049766719
SM,201630,49624--sample_49624_k141_1055872,0.016064888194960374,9.343321043894752e-06,0.4992248062015504
SM,201630,49624--sample_49624_k141_683558,0.01603325762417138,9.369247425667467e-06,0.49961210240496506
SM,201630,49620--sample_49620_k141_710837,0.026985090426372656,2.7925534504023373e-05,0.503125
SM,201630,49624--sample_49624_k141_853813,0.018505523921823853,1.2650123101470782e-05,0.5003885003885004
SM,201630,49620--sample_49620_k141_726559,0.020953391896773567,1.6302686405252767e-05,0.5011673151750973
SM,201630,49622--sample_49622_k141_1283027,0.018428212749135784,1.2672681987749929e-05,0.5003885003885004
SM,201630,49628--sample_49628_k141_1606068,0.017152911171154514,1.1023948094533735e-05,0.5
SM,201630,49620--sample_49620_k141_832586,0.015907473545853968,9.441775936059706e-06,0.49961210240496506
SM,201630,49627--sample_49627_k141_376887,0.018254005660044998,1.2768451455640626e-05,0.5003885003885004
SM,201630,49620--sample_49620_k141_290753,0.019643065208516483,1.4494701561863227e-05,0.5007776049766719
SM,201630,49621--sample_49621_k141_716554,0.015976533623317062,9.386803027568162e-06,0.49961210240496506
SM,201630,49623--sample_49623_k141_844041,0.020727237415351867,1.6493418015881796e-05,0.5011673151750973
SM,201630,49623--sample_49623_k141_611020,0.020886706247412744,1.6371755246298938e-05,0.5011673151750973
SM,201630,49620--sample_49620_k141_112955,0.02208543974149092,1.8527394186433048e-05,0.5015576323987538
SM,201630,49620--sample_49620_k141_463131,0.018503028189311276,1.258051731929653e-05,0.5003885003885004
SM,201630,49621--sample_49621_k141_990772,0.019634930808413546,1.4473859934638341e-05,0.5007776049766719
SM,201630,49620--sample_49620_k141_790877,0.01612000698953697,9.304319553817287e-06,0.49961210240496506
SM,201630,49620--sample_49620_k141_448102,0.01711603417930574,1.1016782190679299e-05,0.5
SM,201630,49620--sample_49620_k141_748451,0.02323246732879148,2.0744714134332856e-05,0.5019485580670304
SM,201630,49620--sample_49620_k141_868481,0.016001415166374967,9.414372687955807e-06,0.49961210240496506
SM,201630,49625--sample_49625_k141_231859,0.020888213719452334,1.6403783988158567e-05,0.5011673151750973
SM,201630,49623--sample_49623_k141_562214,0.019839707764076186,1.4305944117483826e-05,0.5007776049766719
SM,201630,49623--sample_49623_k141_1002962,0.02210495642478423,1.851472132961915e-05,0.5015576323987538
SM,201630,49620--sample_49620_k141_214413,0.024608447135002993,2.285035218313649e-05,0.5023400936037441
SM,201630,49623--sample_49623_k141_673444,0.023194265362039352,2.0762668820369786e-05,0.5019485580670304
SM,201630,49620--sample_49620_k141_230781,0.017148757551736903,1.0946646227386849e-05,0.5
SM,201630,49627--sample_49627_k141_405880,0.02335629620927319,2.0567068374715393e-05,0.5019485580670304
SM,201630,49623--sample_49623_k141_207193,0.01593533059981554,9.415190550291655e-06,0.49961210240496506
SM,201630,49623--sample_49623_k141_1169751,0.0173137682443599,1.090708848090043e-05,0.5
SM,201630,49624--sample_49624_k141_468988,0.024570339261023602,2.2927555838790115e-05,0.5023400936037441
SM,201630,49620--sample_49620_k141_33513,0.02339532858219782,2.0590363800073784e-05,0.5019485580670304
SM,201630,49623--sample_49623_k141_449686,0.014766901224503847,7.939715610182144e-06,0.4992248062015504
SM,201630,49627--sample_49627_k141_808611,0.026971888815281297,2.7880454400442784e-05,0.503125
SM,201630,49641--sample_49641_k141_362688,0.019709520498814307,1.4401988713596567e-05,0.5007776049766719
SM,201630,49617--sample_49617_k141_39355,0.01720953041218104,1.0909671237049106e-05,0.5
SM,201630,49617--sample_49617_k141_35967,0.01958448484940625,1.4502710563491297e-05,0.5007776049766719
SM,201630,49640--sample_49640_k141_205688,0.014705443549048893,7.988208488377985e-06,0.4992248062015504
SM,201630,49617--sample_49617_k141_209877,0.02088763419295563,1.6388451783172955e-05,0.5011673151750973
SM,201630,49617--sample_49617_k141_139293,0.02446823228750856,2.3053318429705585e-05,0.5023400936037441
SM,201630,49642--sample_49642_k141_460602,0.016081687340460605,9.350815451683307e-06,0.49961210240496506
SM,201630,49642--sample_49642_k141_46529,0.018342054963725322,1.271198638129127e-05,0.5003885003885004
SM,201630,49631--sample_49631_k141_943460,0.020870742594780282,1.6429176954850575e-05,0.5011673151750973
SM,201630,49617--sample_49617_k141_181765,0.01954725372444753,1.4595308716707619e-05,0.5007776049766719
SM,201630,53600--sample_53600_k141_319847,0.02453102665741478,2.296006683906818e-05,0.5023400936037441
SM,201630,49641--sample_49641_k141_517007,0.01966847578350779,1.4416345548525758e-05,0.5007776049766719
SM,201630,49617--sample_49617_k141_231031,0.016053100156125752,9.350627564276347e-06,0.49961210240496506
SM,201630,49617--sample_49617_k141_157639,0.01730712874276097,1.0883539374470501e-05,0.5
SM,201630,49640--sample_49640_k141_443474,0.019627743998934702,1.4497820586024559e-05,0.5007776049766719
SM,201630,49641--sample_49641_k141_569411,0.016131075331015696,9.277902443494864e-06,0.49961210240496506
SM,201630,49617--sample_49617_k141_244635,0.017285077481003875,1.0934741039783272e-05,0.5
SM,201630,49633--sample_49633_k141_1364744,0.018431015340837957,1.2638684730608656e-05,0.5003885003885004
SM,201630,49638--sample_49638_k141_334434,0.019794211550291953,1.4359685380443272e-05,0.5007776049766719
SM,201630,49631--sample_49631_k141_788735,0.0208213313636244,1.6437362014889236e-05,0.5011673151750973
SM,201630,49631--sample_49631_k141_901628,0.02075113460431085,1.6532777043016486e-05,0.5011673151750973
SM,201630,49615--sample_49615_k141_45890,0.02693979233027908,2.7954607650273666e-05,0.503125
SM,201630,49633--sample_49633_k141_1000571,0.02087201603237908,1.644008008725249e-05,0.5011673151750973
SM,201630,53600--sample_53600_k141_432760,0.01726764839657191,1.0926713502148198e-05,0.5
SM,201630,49631--sample_49631_k141_1063072,0.014744937528425683,8.016013044079476e-06,0.4988381099922541
SM,201630,49617--sample_49617_k141_126624,0.022132130980778503,1.8440508786166955e-05,0.5015576323987538
SM,201630,49617--sample_49617_k141_63436,0.022060257937043116,1.8464241121294255e-05,0.5015576323987538
SM,201630,49613--sample_49613_k141_516056,0.022087172542999616,1.844665792857515e-05,0.5015576323987538
SM,201630,49638--sample_49638_k141_849125,0.02334408545847648,2.060183928587146e-05,0.5019485580670304
SM,201630,49633--sample_49633_k141_1105803,0.015814962602250997,9.492106524319415e-06,0.49961210240496506
SM,201630,49631--sample_49631_k141_713683,0.018372355511153664,1.270806910559995e-05,0.5003885003885004
SM,201630,49618--sample_49618_k141_24979,0.018504068130283977,1.2602146726758455e-05,0.5003885003885004
SM,201630,49641--sample_49641_k141_526586,0.01600135345369718,9.376376678797072e-06,0.49961210240496506
SM,201630,49641--sample_49641_k141_594405,0.018437147642533125,1.264363111519039e-05,0.5003885003885004
SM,201630,49630--sample_49630_k141_653913,0.023380235680449928,2.055670951213898e-05,0.5019485580670304
SM,201630,49617--sample_49617_k141_71919,0.019644253633822738,1.4463039999532344e-05,0.5007776049766719
SM,201630,49617--sample_49617_k141_269743,0.022234417352241173,1.8338430374242903e-05,0.5015576323987538
SM,201630,49631--sample_49631_k141_327282,0.020924863351879906,1.6350995760352907e-05,0.5011673151750973
SM,201630,49613--sample_49613_k141_428032,0.014695963093470973,7.993030354904613e-06,0.4992248062015504
SM,201630,49617--sample_49617_k141_32695,0.013515168328042395,6.613520343436053e-06,0.4988381099922541
SM,201630,49618--sample_49618_k141_231410,0.019660320894938025,1.4452710138640308e-05,0.5007776049766719
SM,201630,49618--sample_49618_k141_106535,0.014864225134823132,7.948252444892284e-06,0.4992248062015504
SM,201630,49631--sample_49631_k141_478760,0.024552356282125227,2.2901635302960375e-05,0.5023400936037441
SM,201630,49631--sample_49631_k141_269696,0.018519049905349572,1.2551765105573763e-05,0.5003885003885004
SM,201630,49633--sample_49633_k141_1125289,0.019824326320641936,1.4282998232985428e-05,0.5007776049766719
SM,201630,49641--sample_49641_k141_479465,0.020995652282222298,1.6325519642135735e-05,0.5011673151750973
SM,201630,49631--sample_49631_k141_1077431,0.023354997988643787,2.0667863665421417e-05,0.5019485580670304
SM,201630,53598--sample_53598_k141_177344,0.018456185640894397,1.2673870908988178e-05,0.5003885003885004
SM,201630,49631--sample_49631_k141_406326,0.022099872587228196,1.851267558280601e-05,0.5015576323987538
SM,201630,49617--sample_49617_k141_153159,0.01493981334242689,7.830189404436962e-06,0.4992248062015504
SM,201630,49641--sample_49641_k141_335608,0.019627357310615007,1.4474474383704623e-05,0.5007776049766719
SM,201630,49633--sample_49633_k141_461652,0.022027265298323637,1.8545468214475166e-05,0.5015576323987538
SM,201630,49641--sample_49641_k141_610039,0.018528585554611135,1.2605050294750866e-05,0.5003885003885004
SM,201630,49641--sample_49641_k141_63970,0.018409965336349268,1.2701711531951793e-05,0.5003885003885004
SM,201630,49617--sample_49617_k141_196642,0.02216324012959388,1.8410090262105615e-05,0.5015576323987538
SM,201630,49638--sample_49638_k141_293188,0.018464589135531586,1.2605041047994326e-05,0.5003885003885004
SM,201630,49631--sample_49631_k141_1047950,0.020952282792898846,1.639140193514807e-05,0.5011673151750973
SM,201630,49631--sample_49631_k141_1078132,0.018483599391451392,1.261549087957273e-05,0.5003885003885004
SM,201630,49617--sample_49617_k141_221011,0.018425379245003606,1.2646139293249685e-05,0.5003885003885004
SM,201630,49641--sample_49641_k141_90630,0.022091903963452425,1.849372824043819e-05,0.5015576323987538
SM,201630,49631--sample_49631_k141_758348,0.017274039907256934,1.0951224650802297e-05,0.5
SM,201630,49617--sample_49617_k141_246435,0.017120570255498565,1.104881510493843e-05,0.5
SM,201630,49618--sample_49618_k141_187803,0.018469613479072767,1.262893019806274e-05,0.5003885003885004
SM,201630,49616--sample_49616_k141_109171,0.02572933649657643,2.539243405991236e-05,0.5027322404371585
SM,201630,49641--sample_49641_k141_532511,0.013443141372103073,6.648053730735147e-06,0.4984520123839009
SM,201630,49617--sample_49617_k141_87747,0.023240704510878413,2.0740758247131473e-05,0.5019485580670304
SM,201630,49617--sample_49617_k141_135022,0.01973753670816995,1.4417910443548642e-05,0.5007776049766719
SM,201630,49640--sample_49640_k141_411990,0.019594714837174076,1.45620142340837e-05,0.5007776049766719
SM,201630,49617--sample_49617_k141_280219,0.01854645692889692,1.254555866015816e-05,0.5003885003885004
SM,201630,53600--sample_53600_k141_381646,0.023427165665789822,2.053905747919507e-05,0.5019485580670304
SM,201630,49631--sample_49631_k141_946880,0.019647625692703872,1.4467489034380076e-05,0.5007776049766719
SM,201630,49640--sample_49640_k141_150614,0.01966371527461862,1.447918898840239e-05,0.5007776049766719
SM,201630,49630--sample_49630_k141_766537,0.024532115653761292,2.2973824996038856e-05,0.5023400936037441
SM,201630,49631--sample_49631_k141_161535,0.02587006985885656,2.5304408927435923e-05,0.5027322404371585
SM,201630,49619--sample_49619_k141_276398,0.017112602751327192,1.0997900392961088e-05,0.5
SM,201630,49635--sample_49635_k141_178072,0.02319434117579118,2.0708645547605354e-05,0.5019485580670304
SM,201630,49617--sample_49617_k141_20012,0.023342625437055144,2.0607521082290504e-05,0.5019485580670304
SM,201630,49641--sample_49641_k141_266781,0.013642133393462713,6.561264054388725e-06,0.4988381099922541
SM,201630,49640--sample_49640_k141_295713,0.01955068106929752,1.4591697730766565e-05,0.5007776049766719
SM,201630,49638--sample_49638_k141_940541,0.02091135145774008,1.6380913523510644e-05,0.5011673151750973
SM,201630,49631--sample_49631_k141_125937,0.018525994454879204,1.2547314366326607e-05,0.5003885003885004
SM,201630,49617--sample_49617_k141_187462,0.01851875177234026,1.2602210864947579e-05,0.5003885003885004
SM,201630,49618--sample_49618_k141_287800,0.020754062528810714,1.651274890119536e-05,0.5011673151750973
SM,201630,49631--sample_49631_k141_908461,0.023370507587809744,2.062669908142147e-05,0.5019485580670304
SM,201630,49642--sample_49642_k141_530007,0.023249909845203635,2.0748053725391593e-05,0.5019485580670304
SM,201630,49613--sample_49613_k141_537521,0.0233322898756985,2.0601506606579842e-05,0.5019485580670304
SM,201630,49613--sample_49613_k141_11082,0.0184663229245112,1.26498023142582e-05,0.5003885003885004
SM,201630,49631--sample_49631_k141_548732,0.018326777530045114,1.2709491238050095e-05,0.5003885003885004
SM,201630,49617--sample_49617_k141_179032,0.020796640170655228,1.6515337275264307e-05,0.5011673151750973
SM,201630,49631--sample_49631_k141_862124,0.023244311630054054,2.0742076720954485e-05,0.5019485580670304
SM,201630,49641--sample_49641_k141_611231,0.02106656765362451,1.6230942718670602e-05,0.5011673151750973
SM,201630,49613--sample_49613_k141_620984,0.018470286486909373,1.2634875913776316e-05,0.5003885003885004
SM,201630,49631--sample_49631_k141_944793,0.019442965895624536,1.4663632325092587e-05,0.5007776049766719
SM,201630,49631--sample_49631_k141_692523,0.020864406681107235,1.6432175155226736e-05,0.5011673151750973
SM,201630,49631--sample_49631_k141_593099,0.020718802147259748,1.6595135600473432e-05,0.5011673151750973
SM,201630,49631--sample_49631_k141_707422,0.025801954757649775,2.531683331206415e-05,0.5027322404371585
SM,201630,49617--sample_49617_k141_196780,0.014537410046579725,8.037954122331e-06,0.4992248062015504
SM,201630,49617--sample_49617_k141_216564,0.01611281779560822,9.322462187426887e-06,0.49961210240496506
SM,201630,49618--sample_49618_k141_38856,0.01839873664138476,1.2727132431957763e-05,0.5003885003885004
SM,201630,49631--sample_49631_k141_553074,0.024651241937908935,2.286683564621216e-05,0.5023400936037441
SM,201630,49641--sample_49641_k141_305580,0.019581842071276393,1.4522819349734638e-05,0.5007776049766719
SM,201630,49636--sample_49636_k141_952298,0.017164365106870447,1.1009911930631758e-05,0.5
SM,201630,49617--sample_49617_k141_68029,0.017259430963423653,1.096539077024644e-05,0.5
SM,201630,49631--sample_49631_k141_644005,0.02326891941656371,2.072362726153931e-05,0.5019485580670304
SM,201630,49617--sample_49617_k141_127714,0.015935885671224954,9.400537416983368e-06,0.49961210240496506
SM,201630,49615--sample_49615_k141_95272,0.02212059716637181,1.8485757315676468e-05,0.5015576323987538
SM,201630,49617--sample_49617_k141_122223,0.017236026961995266,1.0929528492570815e-05,0.5
SM,201630,49640--sample_49640_k141_463518,0.023469040671957275,2.049929126054289e-05,0.5019485580670304
SM,201630,49617--sample_49617_k141_226029,0.01739177755335436,1.0824521035745902e-05,0.5
SM,201630,49617--sample_49617_k141_239445,0.019725282047710437,1.4401082068774545e-05,0.5007776049766719
SM,201630,49639--sample_49639_k141_455759,0.02085980416664564,1.6419123724917613e-05,0.5011673151750973
SM,201630,49617--sample_49617_k141_136377,0.01980492937301597,1.4340219459238071e-05,0.5007776049766719
SM,201630,49619--sample_49619_k141_252582,0.012392648268465653,5.348038793582912e-06,0.4984520123839009
SM,201630,49636--sample_49636_k141_1048953,0.017268727600768922,1.0938208656198388e-05,0.5
SM,201630,49631--sample_49631_k141_226575,0.02091039784614649,1.6379228544207207e-05,0.5011673151750973
SM,201630,49617--sample_49617_k141_27324,0.022088412414404526,1.84886460904098e-05,0.5015576323987538
SM,201630,49617--sample_49617_k141_96456,0.02218349282351375,1.8333639258408024e-05,0.5015576323987538
SM,201630,49616--sample_49616_k141_70342,0.018451451764068476,1.262849029860275e-05,0.5003885003885004
SM,201630,49616--sample_49616_k141_23312,0.018454129485266847,1.259497555193051e-05,0.5003885003885004
SM,201630,49617--sample_49617_k141_118412,0.021043999806496516,1.6223442318824166e-05,0.5011673151750973
SM,201630,49617--sample_49617_k141_33665,0.023264707884423617,2.0735774453227382e-05,0.5019485580670304
SM,201630,49617--sample_49617_k141_295889,0.02094432833210299,1.6370534721889123e-05,0.5011673151750973
SM,201630,49631--sample_49631_k141_810649,0.02465952238845359,2.2890842155126786e-05,0.5023400936037441
SM,201630,53601--sample_53601_k141_171030,0.018417430470906302,1.2665062012895932e-05,0.5003885003885004
SM,201630,49630--sample_49630_k141_707921,0.013552551676711693,6.639838696272216e-06,0.4988381099922541
SM,201630,49638--sample_49638_k141_729881,0.017231371553692764,1.0991754385147927e-05,0.5
SM,201630,49617--sample_49617_k141_188936,0.019692749976130637,1.4433180013392097e-05,0.5007776049766719
SM,201630,49617--sample_49617_k141_242716,0.018435889495719778,1.2644711202449212e-05,0.5003885003885004
SM,201630,49618--sample_49618_k141_228596,0.018414665627691614,1.263532665613953e-05,0.5003885003885004
SM,201630,49633--sample_49633_k141_851659,0.019710037527960012,1.4445686139738527e-05,0.5007776049766719
SM,201630,49640--sample_49640_k141_182877,0.020948110024264378,1.6322953734761567e-05,0.5011673151750973
SM,201630,49631--sample_49631_k141_825232,0.017212021013015458,1.0972217548506225e-05,0.5
SM,201630,49617--sample_49617_k141_262021,0.020928877758268623,1.628943857015275e-05,0.5011673151750973
SM,201630,49636--sample_49636_k141_1215698,0.018458396801952468,1.2694450800178634e-05,0.5003885003885004
SM,201630,49617--sample_49617_k141_189712,0.017166151695226367,1.1014299093423127e-05,0.5
SM,201630,49640--sample_49640_k141_235960,0.023269322775033026,2.0730554356384673e-05,0.5019485580670304
SM,201630,49618--sample_49618_k141_257690,0.025708150080487713,2.5453816530650536e-05,0.5027322404371585
SM,201630,49640--sample_49640_k141_178191,0.020966609891253367,1.6351064281797753e-05,0.5011673151750973
SM,201630,49631--sample_49631_k141_902653,0.0245152451863889,2.2953583316157606e-05,0.5023400936037441
SM,201630,49617--sample_49617_k141_225320,0.016044496063938797,9.344319633917332e-06,0.49961210240496506
SM,201630,49641--sample_49641_k141_83077,0.02467634373156774,2.281969703117548e-05,0.5023400936037441
SM,201630,49613--sample_49613_k141_22565,0.017188402440672077,1.0986455696996366e-05,0.5
SM,201630,49617--sample_49617_k141_184740,0.016035125461876583,9.332503798701207e-06,0.49961210240496506
SM,201630,49617--sample_49617_k141_227961,0.02209547456439004,1.8478719721200343e-05,0.5015576323987538
SM,201630,49618--sample_49618_k141_119045,0.02093690713162449,1.6357659660129702e-05,0.5011673151750973
SM,201630,49630--sample_49630_k141_199862,0.020922867500339747,1.6330967637641158e-05,0.5011673151750973
SM,201630,49617--sample_49617_k141_245533,0.019614696529412445,1.4505855936434246e-05,0.5007776049766719
SM,201630,49618--sample_49618_k141_171794,0.024615573454374148,2.2864227835078677e-05,0.5023400936037441
SM,201630,49631--sample_49631_k141_1072308,0.016020372701790915,9.307607127994674e-06,0.49961210240496506
SM,201630,49631--sample_49631_k141_496773,0.019675467477612125,1.4489508120196495e-05,0.5007776049766719
SM,201630,49617--sample_49617_k141_179071,0.01720580453128088,1.0945256083062353e-05,0.5
SM,201630,49642--sample_49642_k141_462958,0.014800567703230965,7.899348150289112e-06,0.4992248062015504
SM,201630,49613--sample_49613_k141_592411,0.015941125083824913,9.370767021456886e-06,0.49961210240496506
SM,201630,49616--sample_49616_k141_116937,0.02216877170488437,1.8422889658323252e-05,0.5015576323987538
SM,201630,49617--sample_49617_k141_269609,0.018535834142865096,1.2597745808079999e-05,0.5003885003885004
SM,201630,49618--sample_49618_k141_46916,0.020938854702865974,1.6352880905071285e-05,0.5011673151750973
SM,201630,49617--sample_49617_k141_191897,0.017154547804061764,1.0947737001801383e-05,0.5
SM,201630,49635--sample_49635_k141_654849,0.01717106247295263,1.1010862096828052e-05,0.5
SM,201630,49617--sample_49617_k141_87358,0.02205584918751008,1.8530503303979487e-05,0.5015576323987538
SM,201630,49617--sample_49617_k141_35964,0.025951644904925804,2.515279768582072e-05,0.5027322404371585
SM,201630,49617--sample_49617_k141_93901,0.025848830210474214,2.5277100672012443e-05,0.5027322404371585
SM,201630,49613--sample_49613_k141_91953,0.020989750127578307,1.631472635567726e-05,0.5011673151750973
SM,201630,49631--sample_49631_k141_940378,0.018395282698479985,1.2681102180785666e-05,0.5003885003885004
SM,201630,49617--sample_49617_k141_123358,0.0258124549118775,2.528063857749375e-05,0.5027322404371585
SM,201630,49631--sample_49631_k141_957429,0.019614236857242024,1.4480540890306221e-05,0.5007776049766719
SM,201630,49631--sample_49631_k141_1029560,0.020940615609737704,1.641748180018117e-05,0.5011673151750973
SM,201630,49635--sample_49635_k141_447707,0.017228793655945804,1.092883412201568e-05,0.5
SM,201630,49617--sample_49617_k141_144175,0.022089275897447615,1.845322733801971e-05,0.5015576323987538
SM,201630,49631--sample_49631_k141_253438,0.019607422295046258,1.4503214940478508e-05,0.5007776049766719
SM,201630,49631--sample_49631_k141_20889,0.023282081789166062,2.06566062051743e-05,0.5019485580670304
SM,201630,49631--sample_49631_k141_655218,0.021076445486147528,1.620750970963441e-05,0.5011673151750973
SM,201630,49631--sample_49631_k141_816750,0.02338562081460129,2.0598596955945906e-05,0.5019485580670304
SM,201630,49633--sample_49633_k141_192674,0.019683952214267903,1.447700004860292e-05,0.5007776049766719
SM,201630,49631--sample_49631_k141_334345,0.022065672934277542,1.8456401388928806e-05,0.5015576323987538
SM,201630,49638--sample_49638_k141_15595,0.020838653326800127,1.6445786619953527e-05,0.5011673151750973
SM,201630,49638--sample_49638_k141_770173,0.020797280125327382,1.6450619038465745e-05,0.5011673151750973
SM,201630,49631--sample_49631_k141_324547,0.02084964839435756,1.641053580075183e-05,0.5011673151750973
SM,201630,49630--sample_49630_k141_887611,0.018517536788813366,1.2555583578632508e-05,0.5003885003885004
SM,201630,49618--sample_49618_k141_331372,0.014902916196667214,7.881393049151938e-06,0.4992248062015504
SM,201630,49617--sample_49617_k141_251555,0.017279209563494005,1.087005755839519e-05,0.5
SM,201630,49639--sample_49639_k141_508481,0.019724867507434924,1.4440775913407009e-05,0.5007776049766719
SM,201630,49618--sample_49618_k141_213627,0.01841481702356282,1.2678296180478182e-05,0.5003885003885004
SM,201630,49631--sample_49631_k141_664989,0.020926771964609327,1.6321464851389872e-05,0.5011673151750973
SM,201630,49613--sample_49613_k141_104397,0.01727506992653674,1.0915725511258926e-05,0.5
SM,201630,49641--sample_49641_k141_373091,0.022088516822079962,1.8462458430105048e-05,0.5015576323987538
SM,201630,49613--sample_49613_k141_36228,0.0183567576471977,1.2671042733777847e-05,0.5003885003885004
SM,201630,49640--sample_49640_k141_106204,0.02097550179594014,1.6345463933087205e-05,0.5011673151750973
SM,201630,49617--sample_49617_k141_184962,0.022114322781797327,1.842318716825615e-05,0.5015576323987538
SM,201630,49631--sample_49631_k141_269963,0.026950266829248982,2.796727870643792e-05,0.503125
SM,201630,49632--sample_49632_k141_266809,0.01979401007796369,1.4346248410671036e-05,0.5007776049766719
SM,201630,49613--sample_49613_k141_594659,0.024429970349444084,2.3047882166509748e-05,0.5023400936037441
SM,201630,53598--sample_53598_k141_349839,0.015966179986009417,9.422977548190413e-06,0.49961210240496506
SM,201630,49617--sample_49617_k141_291128,0.023378878540067673,2.0600444972174754e-05,0.5019485580670304
SM,201630,49631--sample_49631_k141_846808,0.02328164982934417,2.0647330325833832e-05,0.5019485580670304
SM,201630,49631--sample_49631_k141_766424,0.018493296028219232,1.2660009859526541e-05,0.5003885003885004
SM,201630,49617--sample_49617_k141_283587,0.01729652147702981,1.0893875219813463e-05,0.5
SM,201630,53602--sample_53602_k141_377025,0.02212589244869746,1.8473514957577252e-05,0.5015576323987538
SM,201630,49631--sample_49631_k141_730297,0.022012711090528197,1.858194745721108e-05,0.5015576323987538
SM,201630,49615--sample_49615_k141_91147,0.019622362330657832,1.446283792330773e-05,0.5007776049766719
SM,201630,49617--sample_49617_k141_299297,0.01843103513023017,1.265620363137999e-05,0.5003885003885004
SM,201630,49631--sample_49631_k141_866898,0.017202332016359737,1.0955614512435233e-05,0.5
SM,201630,49638--sample_49638_k141_452047,0.019751431228677542,1.4385608110652927e-05,0.5007776049766719
SM,201630,49615--sample_49615_k141_133391,0.013466752921251122,6.665202837113672e-06,0.4988381099922541
SM,201630,49617--sample_49617_k141_63508,0.017214728795788517,1.0959827944890171e-05,0.5
SM,201630,53600--sample_53600_k141_59809,0.019656674770182413,1.4446356746039431e-05,0.5007776049766719
SM,201630,53600--sample_53600_k141_22783,0.02088475601189501,1.6366395030767892e-05,0.5011673151750973
SM,201630,49640--sample_49640_k141_328655,0.01957424152043316,1.4525802745240337e-05,0.5007776049766719
SM,201630,49633--sample_49633_k141_938818,0.018460947456849276,1.2633963231457823e-05,0.5003885003885004
SM,201630,49630--sample_49630_k141_419823,0.013588010095472752,6.588512024073301e-06,0.4988381099922541
SM,201630,49630--sample_49630_k141_177312,0.019723381147702057,1.438367772613483e-05,0.5007776049766719
SM,201630,49641--sample_49641_k141_614314,0.019710321086545555,1.4386887262139147e-05,0.5007776049766719
SM,201630,49642--sample_49642_k141_410126,0.017371122042391864,1.0835712490131014e-05,0.5
SM,201630,49617--sample_49617_k141_201511,0.022046769222384754,1.853072541986407e-05,0.5015576323987538
SM,201630,49617--sample_49617_k141_298815,0.016136977470665163,9.309733569974091e-06,0.49961210240496506
SM,201630,49617--sample_49617_k141_61959,0.018556676762559905,1.2536352705166263e-05,0.5003885003885004
SM,201630,49617--sample_49617_k141_66360,0.017184062886984992,1.0953132162653171e-05,0.5
SM,201630,49631--sample_49631_k141_138255,0.01854972135559221,1.255388826341444e-05,0.5003885003885004
SM,201630,49617--sample_49617_k141_30728,0.023432192194740423,2.046910487300746e-05,0.5019485580670304
SM,201630,49617--sample_49617_k141_262468,0.01725864115639235,1.0961763892552052e-05,0.5
SM,201630,49613--sample_49613_k141_620399,0.01966943375754873,1.4440737156484519e-05,0.5007776049766719
SM,201630,49631--sample_49631_k141_875953,0.022052757032455225,1.8568733303044185e-05,0.5015576323987538
SM,201630,49617--sample_49617_k141_295732,0.023423870541346,2.054328919830849e-05,0.5019485580670304
SM,201630,49617--sample_49617_k141_178119,0.014769600041586589,7.90251594431975e-06,0.4992248062015504
SM,201630,49631--sample_49631_k141_30093,0.01840207113598733,1.2657864689727617e-05,0.5003885003885004
SM,201630,49631--sample_49631_k141_269216,0.019645153836942448,1.4468293381334667e-05,0.5007776049766719
SM,201630,49631--sample_49631_k141_1008652,0.019756170076557517,1.4371996965128998e-05,0.5007776049766719
SM,201630,49617--sample_49617_k141_280480,0.023381417485275568,2.0576389241681232e-05,0.5019485580670304
SM,201630,49630--sample_49630_k141_409200,0.02816071898757183,3.0646314168255834e-05,0.5035183737294762
SM,201630,49617--sample_49617_k141_276013,0.020964702917455745,1.634551261740654e-05,0.5007776049766719
SM,201630,49631--sample_49631_k141_709042,0.015981611253915232,9.373942622730293e-06,0.49961210240496506
SM,201630,53600--sample_53600_k141_348427,0.01717411614403668,1.0991125705652815e-05,0.5
SM,201630,49617--sample_49617_k141_26213,0.017360717646495227,1.0842051476941046e-05,0.5
SM,201630,49617--sample_49617_k141_195700,0.019703251352432876,1.4428666756362615e-05,0.5007776049766719
SM,201630,49631--sample_49631_k141_581899,0.01972040475156317,1.4395555704598477e-05,0.5007776049766719
SM,201630,49642--sample_49642_k141_628483,0.02073640293643959,1.6559453863379153e-05,0.5011673151750973
SM,201630,49613--sample_49613_k141_532078,0.018443620922973435,1.2618497453053103e-05,0.5003885003885004
SM,201630,49638--sample_49638_k141_599206,0.01832859111031153,1.2739976542152817e-05,0.5003885003885004
SM,201630,49617--sample_49617_k141_150679,0.018353301737049462,1.2702283830883707e-05,0.5003885003885004
SM,201630,49631--sample_49631_k141_1053996,0.01850728433568143,1.2624390201295306e-05,0.5003885003885004
SM,201630,49617--sample_49617_k141_167811,0.02086088803762931,1.6437653040152043e-05,0.5011673151750973
SM,201630,49616--sample_49616_k141_193497,0.019608250458856034,1.4547698059579489e-05,0.5007776049766719
SM,201630,49617--sample_49617_k141_24004,0.0197430007536952,1.4389317370936105e-05,0.5007776049766719
SM,201630,49617--sample_49617_k141_77130,0.02345215813450281,2.0489415218171372e-05,0.5019485580670304
SM,201630,49631--sample_49631_k141_743481,0.018267684471873876,1.2812921451471413e-05,0.5003885003885004
SM,201630,49640--sample_49640_k141_592906,0.019614290574488196,1.4473982189701055e-05,0.5007776049766719
SM,201630,49639--sample_49639_k141_495848,0.02203551887310539,1.8537712457529935e-05,0.5015576323987538
SM,201630,49631--sample_49631_k141_862268,0.014659980708204859,7.98617920227453e-06,0.4992248062015504
SM,201630,49642--sample_49642_k141_581549,0.020870139284544873,1.641759364043318e-05,0.5011673151750973
SM,201630,49631--sample_49631_k141_1007009,0.025764854617727484,2.5332949300080778e-05,0.5027322404371585
SM,201630,49619--sample_49619_k141_441181,0.01955104095021471,1.4520070027995257e-05,0.5007776049766719
SM,201630,49631--sample_49631_k141_292675,0.016069596898317013,9.34455452290417e-06,0.49961210240496506
SM,201630,49630--sample_49630_k141_849450,0.01713891075654425,1.1037559257437784e-05,0.5
SM,201630,49617--sample_49617_k141_278168,0.01958446292923224,1.4502479220105033e-05,0.5007776049766719
SM,201630,49613--sample_49613_k141_231441,0.015852042730528725,9.472750635978656e-06,0.49961210240496506
SM,201630,49631--sample_49631_k141_702721,0.01962404590658972,1.4502726252763737e-05,0.5007776049766719
SM,201630,49640--sample_49640_k141_152891,0.02449862156500693,2.302151940306586e-05,0.5023400936037441
SM,201630,49641--sample_49641_k141_488055,0.026898054172488545,2.7976303222164416e-05,0.503125
SM,201630,49640--sample_49640_k141_323313,0.018496617770182175,1.2560027648165609e-05,0.5003885003885004
SM,201630,49631--sample_49631_k141_1041242,0.022243404983491616,1.8318657456980252e-05,0.5015576323987538
SM,201630,49618--sample_49618_k141_137535,0.01468280286603653,7.985102560533848e-06,0.4992248062015504
SM,201630,49633--sample_49633_k141_1083728,0.020928761588058554,1.635018118817791e-05,0.5011673151750973
SM,201630,49632--sample_49632_k141_1004910,0.02199269595108637,1.855164947887574e-05,0.5015576323987538
SM,201630,49618--sample_49618_k141_23248,0.01968659526623553,1.441425232469542e-05,0.5007776049766719
SM,201630,49617--sample_49617_k141_72135,0.018277499141219962,1.277395777189175e-05,0.5003885003885004
SM,201630,49613--sample_49613_k141_461896,0.013508719876674423,6.6618601619364546e-06,0.4988381099922541
SM,201630,49617--sample_49617_k141_86405,0.019674162088883416,1.4421629068022343e-05,0.5007776049766719
SM,201630,49613--sample_49613_k141_165938,0.019638210706901128,1.4474480714594464e-05,0.5007776049766719
SM,201630,49631--sample_49631_k141_563528,0.019543863103997146,1.4539192119308715e-05,0.5007776049766719
SM,201630,49617--sample_49617_k141_160378,0.018381154188746716,1.270781898202784e-05,0.5003885003885004
SM,201630,49613--sample_49613_k141_682459,0.023396457385713422,2.054361292349607e-05,0.5019485580670304
SM,201630,49617--sample_49617_k141_61118,0.023371080201904846,2.0565785826209812e-05,0.5019485580670304
SM,201630,49630--sample_49630_k141_343998,0.017117792563657426,1.1033666435554898e-05,0.5
SM,201630,49617--sample_49617_k141_127335,0.019744716999587957,1.438219865887585e-05,0.5007776049766719
SM,201630,49630--sample_49630_k141_90873,0.018445947989872542,1.2656035443172713e-05,0.5003885003885004
SM,201630,49618--sample_49618_k141_299160,0.02093629781788499,1.6367071070013238e-05,0.5011673151750973
SM,201630,49631--sample_49631_k141_167697,0.016002535264177956,9.350999056614959e-06,0.49961210240496506
SM,201630,49631--sample_49631_k141_569685,0.0197008175892473,1.441863734935078e-05,0.5007776049766719
SM,201630,49631--sample_49631_k141_148696,0.012158025987777715,5.463343788294491e-06,0.4984520123839009
SM,201630,49617--sample_49617_k141_282111,0.01971188226179089,1.4445961639435953e-05,0.5007776049766719
SM,201630,49617--sample_49617_k141_285407,0.019618026001955644,1.447720086329073e-05,0.5007776049766719
SM,201630,49641--sample_49641_k141_284676,0.0147528776256706,7.971099284346e-06,0.4992248062015504
SM,201630,49617--sample_49617_k141_41126,0.01604700243799065,9.376310680210038e-06,0.49961210240496506
SM,201630,49618--sample_49618_k141_58082,0.01604984198494114,9.310600280892568e-06,0.49961210240496506
SM,201630,Sample_49638_5,0.13095066808976263,0.03374694402916921,0.5315724308708213
SM,201630,Sample_49629_9.1,0.1333766897511787,0.034404923229416295,0.5364431486880467
SM,201630,Sample_49628_42,0.128893508171762,0.03259797926814776,0.5267893660531697
SM,201630,Sample_49624_11,0.13257238040808753,0.034900554101082205,0.5364431486880467
SM,201630,Sample_49615_24,0.1339049953651242,0.035036271364709104,0.5382365231926453
SM,201630,Sample_49624_46,0.13869032739823373,0.03893375204115285,0.5525525525525525
SM,201630,49622_ma_contigs,0.1282926267458106,0.03189642508524123,0.5246435845213849
SM,201630,Sample_49625_12,0.1357901458326575,0.03540385298682017,0.5414039512400168
SM,201630,Sample_49613_26,0.141219762923612,0.039110970291204895,0.5568525724167748
SM,201630,Sample_49613_25,0.13564984777791028,0.03597856810672107,0.5423157894736842
SM,201630,Sample_49628_25.1,0.1379047817604277,0.038524243855108865,0.5511339323919555
SM,201630,Sample_49625_10,0.138033532867028,0.036622409424617655,0.5469214437367304
SM,201630,Sample_49615_26.2,0.13252671669717228,0.03424498047443212,0.5346616853466168
SM,201630,Sample_49628_33.1,0.13130413928272022,0.03314916203575739,0.530696332921302
SM,201630,Sample_49615_13,0.13298563416925113,0.03464538921747482,0.5359966708281315
SM,201630,Sample_49625_6,0.13277516423667726,0.034245795819228556,0.5346616853466168
SM,201630,Sample_49618_9,0.13256017854994684,0.03414631686381537,0.5346616853466168
SM,201630,Sample_49618_42,0.13098493972563335,0.03324040802799775,0.530696332921302
SM,201630,Sample_49618_8,0.13301812316191192,0.03402046163094384,0.5346616853466168
SM,201630,Sample_49625_17,0.1272959541203826,0.03095302995216032,0.5212464589235127
SM,201630,Sample_49618_50,0.13162539808245016,0.033465489608231085,0.5320115654688146
SM,201630,Sample_49613_28,0.13240590882060269,0.03466885926537962,0.5355509355509356
SM,201630,Sample_49628_55,0.13028769398947354,0.0327059808965732,0.528952772073922
SM,201630,Sample_49624_8,0.13714607193022194,0.037838962035644484,0.5483184333759047
SM,201630,Sample_49628_40,0.134022606688487,0.035680075585931184,0.5395894428152492
SM,201630,Sample_49615_5.1,0.13287025834929342,0.0337834073962893,0.5342181667357943
SM,201630,Sample_49615_20,0.137804573555087,0.036510314073299646,0.546457361052185
SM,201630,Sample_49618_39.1,0.13557232937036848,0.03633459142791588,0.5427728613569321
